     0/299     1.21G    0.1134    0.1581         0    0.2714        36       640    0.1371   0.04348   0.01538  0.002265    0.0928    0.1631         0
     1/299     1.22G    0.1096    0.1733         0    0.2829        19       640  0.001667   0.04348 9.978e-05 1.996e-05    0.1287     37.99         0
     2/299     1.22G    0.1016    0.1751         0    0.2766        25       640  0.001667   0.04348 0.0001815 3.629e-05    0.1236     6.227         0
     3/299     1.22G   0.09778    0.1659         0    0.2637         8       640  0.001667   0.04348 0.0003285 3.285e-05    0.1185     4.822         0
     4/299     1.22G   0.09845    0.1688         0    0.2673         6       640  0.001667   0.04348 0.0003285 3.285e-05    0.1185     4.822         0
     5/299     1.22G   0.09751    0.1713         0    0.2688         9       640  0.001667   0.04348 0.0003285 3.285e-05    0.1185     4.822         0
     6/299     1.22G   0.09561    0.1739         0    0.2695        31       640  0.001667   0.04348 0.0003285 3.285e-05    0.1185     4.822         0
     7/299     1.22G    0.1026    0.1629         0    0.2655        14       640  0.001667   0.04348 8.349e-05 2.505e-05    0.1354     481.2         0
     8/299     1.22G    0.1009    0.1815         0    0.2824        36       640     0.005    0.1304 0.0007143 8.346e-05    0.1388     42.31         0
     9/299     1.23G   0.09272    0.1877         0    0.2804        13       640   0.01333    0.3478    0.0048  0.000751    0.1201      3.33         0
    10/299     1.23G   0.08959    0.1734         0     0.263        23       640     0.025    0.6522   0.02096  0.005223    0.1088     3.309         0
    11/299     1.23G   0.08769    0.1725         0    0.2602        14       640   0.02037    0.4783   0.01171  0.002152    0.1005    0.7289         0
    12/299     1.23G   0.08971    0.1724         0    0.2621        40       640   0.04138    0.4348   0.06214   0.01897   0.07772    0.1796         0
    13/299     1.23G   0.09095    0.1647         0    0.2557        39       640   0.03756    0.3913   0.09367   0.02077   0.07457     0.174         0
    14/299     1.23G    0.0862    0.1724         0    0.2586        20       640   0.05722    0.6522    0.2572   0.06368   0.07273    0.1671         0
    15/299     1.23G   0.08611    0.1917         0    0.2778        46       640   0.02661    0.5217   0.09583   0.01698   0.08083    0.1839         0
    16/299     1.23G   0.08143     0.177         0    0.2584        28       640   0.04825    0.3913   0.04196  0.008768   0.07695    0.1539         0
    17/299     1.23G   0.08186    0.1707         0    0.2526         9       640   0.05108    0.4783     0.137   0.02306   0.07417    0.1611         0
    18/299     1.23G   0.08176    0.1734         0    0.2551        27       640   0.07116     0.913    0.4142    0.1083   0.06324     0.189         0
    19/299     1.23G   0.07901    0.1799         0    0.2589        16       640    0.1158    0.6957    0.3122   0.04562   0.06528    0.1715         0
    20/299     1.23G    0.0782    0.1795         0    0.2577        61       640    0.1319    0.7391    0.2013    0.0463   0.06336    0.1733         0
    21/299     1.23G   0.07519    0.1778         0     0.253        46       640   0.09726    0.8261    0.3119   0.09657   0.06479    0.1644         0
    22/299     1.23G   0.07525    0.1822         0    0.2574        41       640    0.1268    0.7826     0.426     0.123   0.06317    0.1577         0
    23/299     1.23G   0.06859    0.1687         0    0.2373        24       640   0.08707    0.7391    0.4827    0.1699   0.06027    0.1623         0
    24/299     1.23G   0.07226    0.1676         0    0.2399        72       640   0.08361    0.6087     0.478    0.1763    0.0651    0.1478         0
    25/299     1.23G   0.06889    0.1673         0    0.2362        25       640   0.08635    0.8261    0.2415   0.04873   0.06695    0.1727         0
    26/299     1.23G   0.06953    0.1663         0    0.2358        38       640    0.1162    0.7826    0.6179     0.234   0.05776    0.1524         0
    27/299     1.23G   0.06848    0.1718         0    0.2403        28       640   0.07958         1    0.4314       0.1   0.05877    0.2514         0
    28/299     1.23G   0.07068    0.1972         0    0.2679        12       640    0.1347    0.9565    0.4955    0.1476   0.05776    0.1671         0
    29/299     1.23G   0.06893    0.1833         0    0.2522        77       640    0.1463    0.9565    0.6248    0.1912   0.05227    0.1672         0
    30/299     1.23G   0.06453    0.1694         0     0.234        73       640    0.1742         1     0.705    0.2106   0.05113    0.1543         0
    31/299     1.23G     0.068    0.1737         0    0.2417        18       640    0.1752         1    0.7422    0.2551   0.05177    0.1448         0
    32/299     1.23G   0.06411     0.158         0    0.2221        36       640    0.1528         1     0.834    0.3731   0.04437    0.1473         0
    33/299     1.23G   0.06138    0.1645         0    0.2259        23       640    0.1647    0.9565    0.7573    0.4018   0.04325    0.1488         0
    34/299     1.23G   0.06427    0.1681         0    0.2324         9       640    0.2001     0.913     0.711    0.3589   0.04599    0.1551         0
    35/299     1.23G   0.05846    0.1638         0    0.2223        15       640    0.2359    0.8696    0.8229    0.3514   0.04238    0.1586         0
    36/299     1.23G   0.06182    0.1632         0     0.225        57       640    0.1914    0.9565     0.795    0.3334    0.0455    0.1534         0
    37/299     1.23G   0.06181    0.1591         0    0.2209        16       640      0.32         1    0.9457    0.4261    0.0401    0.1544         0
    38/299     1.23G   0.06054    0.1471         0    0.2076        44       640    0.2783         1    0.9013    0.2805   0.04324    0.1546         0
    39/299     1.23G   0.06161    0.1593         0    0.2209        43       640    0.2887         1    0.8533     0.391   0.04162    0.1557         0
    40/299     1.23G   0.05871      0.15         0    0.2087        21       640    0.2834         1    0.7555    0.3828   0.04157    0.1602         0
    41/299     1.23G   0.06109     0.158         0    0.2191        50       640    0.3072         1    0.8261    0.3482   0.04448    0.1604         0
    42/299     1.23G   0.05926    0.1627         0     0.222        29       640    0.4028         1    0.9204    0.3909   0.03919    0.1592         0
    43/299     1.23G   0.05861     0.169         0    0.2277        18       640    0.3182    0.9565    0.8772    0.2385    0.0442    0.1721         0
    44/299     1.23G   0.05997    0.1607         0    0.2207        15       640    0.1479     0.913    0.6295    0.2468   0.04639    0.1631         0
    45/299     1.23G   0.05539    0.1563         0    0.2117        28       640    0.3421    0.9565    0.9141    0.3307   0.03835    0.1618         0
    46/299     1.23G   0.05828    0.1618         0    0.2201        18       640    0.4317     0.913     0.897    0.2587   0.04089    0.1727         0
    47/299     1.23G   0.05799    0.1512         0    0.2092        14       640    0.4717    0.9565    0.8581    0.3512   0.03841     0.156         0
    48/299     1.23G   0.05899    0.1558         0    0.2148        40       640    0.3788    0.9565    0.8587    0.3417   0.03845     0.156         0
    49/299     1.23G   0.05397    0.1528         0    0.2068        14       640    0.2192    0.9565    0.7769     0.436   0.03686    0.1577         0
    50/299     1.23G   0.05545    0.1516         0     0.207        29       640     0.229    0.9565    0.7992    0.4177   0.03801    0.1548         0
    51/299     1.23G   0.05501     0.142         0     0.197        52       640    0.2831         1    0.8832    0.4572   0.03517    0.1546         0
    52/299     1.23G   0.05107    0.1397         0    0.1908        26       640     0.313    0.9565    0.9207    0.4143   0.03481    0.1514         0
    53/299     1.23G   0.05347     0.148         0    0.2015        51       640    0.3636    0.8696    0.8551    0.4474   0.03624    0.1754         0
    54/299     1.23G   0.05319    0.1659         0    0.2191        16       640    0.3016         1    0.9395    0.4505   0.03405    0.1606         0
    55/299     1.23G   0.05272    0.1559         0    0.2086        84       640    0.3425         1    0.9532    0.5458   0.03275    0.1483         0
    56/299     1.23G   0.05359    0.1515         0     0.205        27       640    0.3319         1    0.9527    0.5423   0.03284    0.1494         0
    57/299     1.23G   0.05212     0.141         0    0.1931         3       640    0.5509         1    0.9811    0.4645   0.03465    0.1515         0
    58/299     1.23G   0.05075    0.1469         0    0.1976         7       640    0.3685         1    0.9578    0.4972   0.03348    0.1439         0
    59/299     1.23G   0.05216    0.1437         0    0.1958         9       640    0.4138    0.9565    0.9577    0.4851   0.03437    0.1462         0
    60/299     1.23G   0.04811    0.1467         0    0.1948        37       640    0.4764    0.9565    0.9564    0.6335   0.03147    0.1389         0
    61/299     1.23G   0.04905    0.1329         0     0.182        16       640    0.4004         1    0.9581    0.5602   0.03173    0.1395         0
    62/299     1.23G   0.05035    0.1399         0    0.1903        19       640    0.3541         1     0.954    0.6336    0.0322    0.1359         0
    63/299     1.23G   0.04926    0.1419         0    0.1911        27       640    0.3816         1    0.9479    0.5839   0.03365    0.1347         0
    64/299     1.23G   0.04884    0.1312         0      0.18         9       640    0.4769         1    0.9861    0.5759   0.03221    0.1477         0
    65/299     1.23G    0.0492    0.1433         0    0.1925        13       640    0.6583    0.9565    0.9721    0.5419   0.03374    0.1343         0
    66/299     1.23G   0.05195    0.1472         0    0.1992        10       640    0.3983     0.913    0.9077    0.6223   0.03204    0.1462         0
    67/299     1.23G    0.0472      0.14         0    0.1872        49       640     0.429    0.8696    0.9073    0.6193   0.02924    0.1407         0
    68/299     1.23G   0.04826    0.1448         0    0.1931        52       640    0.3619    0.9565    0.8118      0.45   0.03354    0.1505         0
    69/299     1.23G   0.04851    0.1402         0    0.1887        22       640     0.389         1    0.9471    0.5526   0.02985    0.1337         0
    70/299     1.23G   0.04425    0.1345         0    0.1787        28       640    0.4078         1    0.9653    0.6838   0.02667    0.1252         0
    71/299     1.23G   0.04458    0.1404         0     0.185        22       640    0.3694         1       0.9    0.6186   0.02927    0.1428         0
    72/299     1.23G   0.04484    0.1394         0    0.1843        56       640    0.4018    0.9565    0.9446    0.6483   0.02933    0.1346         0
    73/299     1.23G     0.045    0.1447         0    0.1897         9       640    0.4088         1    0.9525     0.557   0.02912     0.131         0
    74/299     1.23G   0.04376    0.1328         0    0.1766        23       640    0.5812         1    0.9879     0.571   0.02898    0.1254         0
    75/299     1.23G   0.04688    0.1492         0     0.196        36       640    0.5281         1    0.9536    0.3343    0.0343    0.1624         0
    76/299     1.23G   0.04683    0.1659         0    0.2127        14       640    0.3686    0.9898    0.9369     0.447   0.03274    0.1851         0
    77/299     1.23G   0.05226    0.1673         0    0.2196        20       640    0.3327     0.913    0.8713     0.528    0.0281    0.1736         0
    78/299     1.23G   0.04671    0.1464         0    0.1931        23       640    0.3619    0.9565     0.932    0.5727   0.02886    0.1554         0
    79/299     1.23G   0.04597    0.1419         0    0.1878        33       640    0.2928    0.9565    0.8868    0.4815   0.03151    0.1615         0
    80/299     1.23G   0.04368    0.1319         0    0.1755        14       640    0.3287    0.9565     0.911    0.5001   0.03015    0.1528         0
    81/299     1.23G   0.04265    0.1364         0     0.179        46       640    0.2916     0.913    0.8751    0.5538   0.02934    0.1536         0
    82/299     1.23G   0.04169    0.1347         0    0.1764        33       640     0.423     0.913    0.8577    0.5435   0.02832    0.1545         0
    83/299     1.23G   0.04016    0.1347         0    0.1748        28       640    0.4082     0.913    0.9068    0.6327    0.0269    0.1456         0
    84/299     1.23G   0.03904    0.1278         0    0.1669        32       640    0.4844         1    0.9475    0.6617   0.02655    0.1415         0
    85/299     1.23G   0.04092    0.1326         0    0.1735        18       640    0.4765    0.9565     0.938     0.636   0.02699    0.1507         0
    86/299     1.23G   0.04046    0.1382         0    0.1787        56       640    0.6174    0.9565    0.9493    0.6028   0.02625    0.1505         0
    87/299     1.23G   0.04265    0.1424         0     0.185        22       640    0.6548    0.9565    0.9682    0.5793   0.02674    0.1498         0
    88/299     1.23G   0.03916      0.13         0    0.1692        27       640    0.5897         1    0.9858    0.5943   0.02651    0.1412         0
    89/299     1.23G    0.0418    0.1431         0    0.1849        20       640    0.6917         1    0.9918    0.5476   0.02899    0.1519         0
    90/299     1.23G   0.04182    0.1338         0    0.1756        45       640    0.6962         1    0.9788    0.5811   0.02877    0.1429         0
    91/299     1.23G   0.04186    0.1402         0    0.1821        26       640    0.5152         1    0.9891    0.6791   0.02501    0.1212         0
    92/299     1.23G   0.03965    0.1344         0    0.1741        31       640    0.5914         1    0.9879    0.7118   0.02519    0.1207         0
    93/299     1.23G   0.04015    0.1311         0    0.1713        20       640    0.5708         1    0.9772    0.6854   0.02564    0.1259         0
    94/299     1.23G   0.03825    0.1316         0    0.1698        73       640    0.6473    0.9565    0.9623    0.6923   0.02607     0.137         0
    95/299     1.23G    0.0382    0.1266         0    0.1648        41       640    0.6121    0.9565    0.9683    0.6799   0.02555     0.133         0
    96/299     1.23G   0.03872    0.1366         0    0.1754        21       640    0.5736    0.9565    0.9731    0.7088   0.02335    0.1341         0
    97/299     1.23G   0.03691    0.1318         0    0.1687        41       640     0.617         1    0.9867    0.7277   0.02234      0.12         0
    98/299     1.23G   0.03819    0.1234         0    0.1616        66       640    0.6327    0.9565    0.9757    0.6798   0.02446    0.1294         0
    99/299     1.23G   0.03775    0.1285         0    0.1662        29       640    0.6985         1    0.9857    0.6975   0.02324    0.1294         0
   100/299     1.23G   0.03629    0.1253         0    0.1616        47       640    0.5733         1    0.9645    0.6657   0.02458    0.1369         0
   101/299     1.23G     0.039    0.1325         0    0.1715        10       640    0.6333         1    0.9839     0.679    0.0241    0.1305         0
   102/299     1.23G   0.03777    0.1281         0    0.1659        15       640    0.6199         1    0.9933    0.7733   0.02363    0.1254         0
   103/299     1.23G   0.03607    0.1293         0    0.1654        20       640    0.5233         1    0.9886    0.7079   0.02347    0.1281         0
   104/299     1.23G   0.03545    0.1261         0    0.1615        41       640    0.7092         1    0.9918    0.7247   0.02211    0.1305         0
   105/299     1.23G   0.03552    0.1248         0    0.1603        32       640    0.6888         1    0.9904    0.7295   0.02303    0.1363         0
   106/299     1.23G   0.03547    0.1227         0    0.1582        71       640    0.5999         1    0.9772    0.6732   0.02305    0.1219         0
   107/299     1.23G   0.03416    0.1196         0    0.1538        10       640    0.6216         1     0.982    0.7035   0.02191    0.1293         0
   108/299     1.23G   0.03591    0.1237         0    0.1596         9       640    0.6357         1    0.9901    0.6838   0.02212    0.1335         0
   109/299     1.23G   0.03532    0.1237         0     0.159        44       640    0.7575         1    0.9901    0.6035   0.02532     0.128         0
   110/299     1.23G   0.03682    0.1194         0    0.1562        40       640    0.8007    0.9565    0.9813    0.5875   0.02848    0.1362         0
   111/299     1.23G   0.03548    0.1216         0    0.1571        40       640    0.7038         1     0.995    0.7385   0.02102     0.113         0
   112/299     1.23G   0.03444    0.1197         0    0.1542        16       640    0.6784         1    0.9886    0.6673   0.02338    0.1119         0
   113/299     1.23G   0.03669    0.1259         0    0.1626        29       640    0.7167         1    0.9831    0.7009   0.02276    0.1245         0
   114/299     1.23G   0.03651    0.1227         0    0.1592        16       640    0.7381         1    0.9793    0.6943   0.02177    0.1209         0
   115/299     1.23G   0.03421     0.125         0    0.1592        22       640    0.7515         1    0.9793    0.7078   0.02215    0.1189         0
   116/299     1.23G   0.03384    0.1302         0     0.164        23       640    0.6976    0.9565    0.9738    0.6913   0.02222    0.1269         0
   117/299     1.23G   0.03437    0.1272         0    0.1615        18       640    0.7314         1    0.9831    0.6963   0.02101    0.1187         0
   118/299     1.23G   0.03292    0.1173         0    0.1502        59       640    0.7126         1    0.9831    0.6802   0.02216    0.1145         0
   119/299     1.23G   0.03169    0.1108         0    0.1425        32       640    0.7983         1    0.9917    0.6308   0.02489    0.1232         0
   120/299     1.23G   0.03313    0.1132         0    0.1463        22       640     0.761    0.9696    0.9823    0.6019   0.02511    0.1275         0
   121/299     1.23G   0.03435    0.1191         0    0.1535        15       640    0.7622         1    0.9917    0.6872   0.02125    0.1242         0
   122/299     1.23G   0.03195    0.1075         0    0.1394        22       640    0.7067         1    0.9871    0.6506   0.02246    0.1231         0
   123/299     1.23G   0.03711    0.1238         0    0.1609        19       640    0.7186         1    0.9858    0.6401   0.02416    0.1325         0
   124/299     1.23G   0.03306    0.1166         0    0.1497        14       640     0.663         1    0.9782    0.6931    0.0213    0.1288         0
   125/299     1.23G   0.03232    0.1166         0    0.1489        16       640    0.6811         1    0.9933    0.7026   0.02035    0.1171         0
   126/299     1.23G   0.03291    0.1256         0    0.1585         4       640    0.6671         1     0.995    0.6385   0.02365     0.125         0
   127/299     1.23G   0.03426    0.1255         0    0.1598        21       640    0.6824         1    0.9886    0.6912   0.02167    0.1227         0
   128/299     1.23G   0.03149    0.1172         0    0.1487        50       640    0.7508         1     0.995    0.7688   0.01924    0.1041         0
   129/299     1.23G   0.03198    0.1108         0    0.1428        31       640    0.8043         1    0.9901    0.7437   0.01975    0.1091         0
   130/299     1.23G   0.03084    0.1153         0    0.1462        17       640    0.6674         1    0.9901    0.7391    0.0209     0.109         0
   131/299     1.23G   0.03215    0.1132         0    0.1453        14       640    0.7573         1     0.995    0.7096   0.02182     0.103         0
   132/299     1.23G    0.0327     0.116         0    0.1487        47       640    0.7222         1     0.995    0.6736   0.02343    0.1051         0
   133/299     1.23G    0.0336    0.1159         0    0.1495        28       640    0.7593         1     0.995    0.6658   0.02434    0.1013         0
   134/299     1.23G   0.03293    0.1149         0    0.1478        22       640    0.7132         1     0.995    0.7627   0.01817    0.1031         0
   135/299     1.23G   0.03342    0.1303         0    0.1637         7       640      0.72         1     0.995    0.6956   0.02092    0.1197         0
   136/299     1.23G   0.03105    0.1236         0    0.1547        85       640    0.8001         1     0.995    0.7424   0.01843    0.1067         0
   137/299     1.23G   0.03162    0.1131         0    0.1447        43       640    0.7668         1     0.995    0.7536   0.01912    0.1061         0
   138/299     1.23G      0.03    0.1084         0    0.1384        29       640    0.8024         1     0.995    0.7423   0.01834    0.1023         0
   139/299     1.23G   0.03087    0.1117         0    0.1426        32       640    0.7391         1     0.995    0.7322   0.01903     0.107         0
   140/299     1.23G   0.03215    0.1183         0    0.1504        39       640    0.8129         1     0.995    0.6799   0.02099     0.103         0
   141/299     1.23G   0.03264    0.1102         0    0.1429        33       640    0.7764         1     0.995     0.695   0.01926   0.09472         0
   142/299     1.23G   0.03165    0.1114         0    0.1431        13       640    0.7111         1     0.995    0.8074   0.01725    0.0906         0
   143/299     1.23G   0.03157     0.116         0    0.1476         6       640    0.7065         1     0.995    0.7874    0.0179   0.09522         0
   144/299     1.23G   0.03196    0.1072         0    0.1392        13       640    0.6378         1     0.995    0.7643   0.01823     0.101         0
   145/299     1.23G   0.03008    0.1163         0    0.1464        14       640    0.7071         1     0.995    0.8057   0.01727   0.09613         0
   146/299     1.23G   0.02932    0.1033         0    0.1326        47       640    0.7215         1     0.995    0.7909    0.0193   0.09188         0
   147/299     1.23G   0.02982    0.1111         0    0.1409        12       640    0.7533         1     0.995    0.6869   0.02251   0.09293         0
   148/299     1.23G   0.03274    0.1176         0    0.1504         6       640    0.7668         1     0.995    0.7303   0.02015   0.09212         0
   149/299     1.23G   0.03221    0.1151         0    0.1473        10       640     0.714         1     0.995    0.8021   0.01762   0.09391         0
   150/299     1.23G   0.03099    0.1121         0    0.1431        35       640    0.6865         1     0.995    0.7699   0.01875   0.09612         0
   151/299     1.23G    0.0309    0.1149         0    0.1458        20       640    0.7055         1     0.995    0.7519   0.01915   0.09704         0
   152/299     1.23G   0.02976    0.1057         0    0.1354        32       640    0.7962         1     0.995    0.7229   0.01848    0.1007         0
   153/299     1.23G   0.02998    0.1105         0    0.1404        18       640    0.8367         1     0.995     0.682   0.02051    0.1052         0
   154/299     1.23G    0.0296    0.1114         0     0.141         4       640     0.802         1     0.995    0.7416   0.01848   0.09948         0
   155/299     1.23G   0.02993     0.109         0    0.1389        35       640    0.7274         1     0.995    0.7634   0.01729    0.1014         0
   156/299     1.23G   0.02878    0.1024         0    0.1312        26       640     0.764         1     0.995    0.7759   0.01669    0.1002         0
   157/299     1.23G   0.02866     0.111         0    0.1396        21       640    0.7947         1     0.995    0.7248   0.01839    0.1015         0
   158/299     1.23G   0.02975    0.1183         0    0.1481        29       640    0.7824         1     0.995    0.7367   0.01952    0.1041         0
   159/299     1.23G   0.03395    0.1131         0    0.1471        10       640    0.7688         1    0.9933    0.7552   0.01832   0.09932         0
   160/299     1.23G   0.03308    0.1164         0    0.1495        10       640    0.7164         1     0.995     0.761   0.01772    0.1011         0
   161/299     1.23G   0.02947    0.1095         0     0.139        13       640    0.7531         1     0.995    0.7866   0.01613   0.08706         0
   162/299     1.23G   0.02918    0.1133         0    0.1425        10       640    0.7224         1     0.995    0.7815   0.01636   0.08954         0
   163/299     1.23G   0.02689    0.1008         0    0.1277        13       640    0.7533         1     0.995    0.7959   0.01584   0.08695         0
   164/299     1.23G   0.02835    0.1009         0    0.1293        28       640     0.822         1     0.995    0.7721   0.01664   0.09118         0
   165/299     1.23G   0.02834    0.1058         0    0.1341        15       640    0.7831         1     0.995    0.7803   0.01626    0.0905         0
   166/299     1.23G    0.0285    0.1156         0    0.1441        26       640    0.7924         1     0.995    0.7568   0.01782   0.09847         0
   167/299     1.23G   0.02842    0.1111         0    0.1395        23       640    0.8148         1     0.995    0.7598   0.01727   0.09481         0
   168/299     1.23G   0.02715    0.1029         0      0.13        36       640    0.7603         1     0.995     0.783   0.01555   0.08503         0
   169/299     1.23G   0.02854    0.1037         0    0.1323        37       640    0.7911         1     0.995    0.7818   0.01574   0.08497         0
   170/299     1.23G    0.0281     0.106         0    0.1341        30       640    0.6906         1     0.995    0.7856   0.01574   0.08676         0
   171/299     1.23G   0.02808    0.1033         0    0.1314        21       640     0.697         1     0.995    0.7777   0.01579   0.08829         0
   172/299     1.23G   0.02822    0.1084         0    0.1366        56       640    0.6475         1     0.995    0.7727   0.01646   0.09231         0
   173/299     1.23G   0.02824    0.1009         0    0.1291        89       640    0.6548         1     0.995    0.7773   0.01597   0.09139         0
   174/299     1.23G   0.02942     0.106         0    0.1354        12       640    0.7517         1     0.995    0.7989   0.01579   0.09228         0
   175/299     1.23G   0.02763    0.1074         0     0.135        17       640    0.7116         1     0.995    0.7778   0.01579   0.09463         0
   176/299     1.23G   0.02919    0.1054         0    0.1346        34       640    0.7383         1     0.995    0.7854   0.01537   0.08771         0
   177/299     1.23G    0.0283    0.1072         0    0.1355        60       640    0.7366         1     0.995    0.7778    0.0164   0.08741         0
   178/299     1.23G   0.02871    0.1021         0    0.1308        39       640     0.742         1     0.995    0.7615    0.0164   0.09298         0
   179/299     1.23G   0.02718    0.1032         0    0.1304        18       640    0.7595         1     0.995     0.755   0.01657   0.08712         0
   180/299     1.23G   0.02768    0.1092         0    0.1369        14       640    0.7731         1     0.995    0.7871   0.01505   0.08456         0
   181/299     1.23G   0.02836    0.1079         0    0.1363        26       640    0.7024         1     0.995    0.7867   0.01567   0.08189         0
   182/299     1.23G   0.02907    0.1109         0      0.14        24       640    0.7082         1    0.9886    0.7794   0.01599   0.08644         0
   183/299     1.23G   0.02682    0.1027         0    0.1295        16       640     0.655         1     0.995    0.7902    0.0155   0.07952         0
   184/299     1.23G   0.02659   0.09935         0    0.1259        36       640     0.728         1     0.995    0.8138   0.01553   0.07959         0
   185/299     1.23G   0.02898    0.1105         0    0.1394        19       640     0.675         1     0.995    0.7944    0.0156    0.0889         0
   186/299     1.23G     0.027     0.106         0     0.133        32       640    0.7813         1    0.9933    0.7747   0.01591   0.08975         0
   187/299     1.23G   0.02844    0.1057         0    0.1342        29       640    0.7722         1    0.9933    0.7585    0.0171   0.08301         0
   188/299     1.23G   0.02797    0.1041         0    0.1321        69       640    0.7089         1    0.9917    0.7689   0.01669   0.08233         0
   189/299     1.23G   0.02593   0.09216         0    0.1181         9       640    0.7535         1     0.995    0.7815   0.01652   0.08017         0
   190/299     1.23G   0.02636    0.1002         0    0.1266        24       640    0.7718         1     0.995    0.7874   0.01555   0.07767         0
   191/299     1.23G    0.0277    0.1021         0    0.1298        32       640    0.6999         1    0.9933    0.7756   0.01602   0.07987         0
   192/299     1.23G   0.02697     0.101         0     0.128        14       640    0.6717         1     0.995    0.7901   0.01505   0.07518         0
   193/299     1.23G   0.02658   0.09702         0    0.1236         7       640    0.7554         1    0.9933    0.7946   0.01526   0.07944         0
   194/299     1.23G    0.0276    0.1045         0    0.1321        26       640    0.7151         1     0.995    0.8039   0.01558   0.07773         0
   195/299     1.23G   0.02621    0.1018         0     0.128        26       640     0.744         1     0.995    0.7803   0.01542   0.07583         0
   196/299     1.23G   0.02659     0.102         0    0.1286        41       640    0.7456         1     0.995    0.8042   0.01466   0.07381         0
   197/299     1.23G   0.02595    0.1016         0    0.1276        16       640    0.7617         1     0.995    0.7972   0.01508   0.07617         0
   198/299     1.23G   0.02638    0.1007         0     0.127        51       640    0.7558         1     0.995     0.787   0.01513   0.08083         0
   199/299     1.23G   0.02564   0.09868         0    0.1243        15       640    0.7269         1     0.995    0.7804   0.01518    0.0797         0
   200/299     1.23G   0.02646    0.1034         0    0.1299        66       640    0.6745         1     0.995    0.7967   0.01546   0.07871         0
   201/299     1.23G   0.02555    0.0928         0    0.1183        14       640    0.7768         1     0.995    0.7789   0.01539   0.07567         0
   202/299     1.23G   0.02635    0.1012         0    0.1276        32       640    0.7763         1     0.995    0.7991   0.01487   0.07558         0
   203/299     1.23G   0.02533    0.0961         0    0.1214        15       640    0.7714         1     0.995    0.8105    0.0149   0.07537         0
   204/299     1.23G   0.02689     0.102         0    0.1289        71       640     0.738         1     0.995    0.7979   0.01551   0.07606         0
   205/299     1.23G   0.02502   0.09929         0    0.1243        11       640    0.7295         1     0.995    0.7798   0.01591   0.07637         0
   206/299     1.23G   0.02581    0.1032         0     0.129        33       640    0.7578         1     0.995    0.8029   0.01523   0.07731         0
   207/299     1.23G    0.0258    0.1022         0     0.128        59       640    0.7458         1     0.995    0.8216   0.01455   0.07389         0
   208/299     1.23G   0.02576    0.1018         0    0.1275        40       640    0.7839         1     0.995    0.7948   0.01492   0.08419         0
   209/299     1.23G   0.02491   0.09496         0    0.1199        10       640    0.7424         1     0.995    0.8073   0.01525   0.07953         0
   210/299     1.23G   0.02443   0.09415         0    0.1186        13       640    0.7866         1     0.995    0.8283   0.01448   0.07948         0
   211/299     1.23G   0.02471    0.0955         0    0.1202        42       640    0.7692         1     0.995    0.8062   0.01498   0.07787         0
   212/299     1.23G   0.02799    0.1023         0    0.1303        35       640    0.7741         1     0.995    0.7984   0.01513   0.07688         0
   213/299     1.23G   0.02429   0.09867         0     0.123        11       640    0.7747         1     0.995    0.7986    0.0146   0.07499         0
   214/299     1.23G   0.02638   0.09801         0    0.1244        10       640    0.7745         1     0.995    0.7789   0.01443   0.07737         0
   215/299     1.23G   0.02515   0.09714         0    0.1223        12       640    0.7751         1     0.995    0.8174   0.01472   0.07711         0
   216/299     1.23G   0.02478   0.09769         0    0.1225        16       640    0.7731         1     0.995    0.8057   0.01434   0.07748         0
   217/299     1.23G   0.02436    0.0969         0    0.1213        29       640    0.7825         1     0.995    0.8024   0.01406   0.07596         0
   218/299     1.23G   0.02388   0.09497         0    0.1188        18       640    0.8221         1     0.995    0.7933   0.01401   0.07874         0
   219/299     1.23G   0.02559   0.09967         0    0.1253        21       640    0.8135         1     0.995    0.8013   0.01436   0.08328         0
   220/299     1.23G   0.02537   0.09324         0    0.1186        28       640    0.8095         1     0.995    0.8184   0.01412   0.07901         0
   221/299     1.23G   0.02549   0.09857         0    0.1241        36       640    0.8117         1     0.995    0.7949   0.01406   0.08264         0
   222/299     1.23G   0.02514   0.09435         0    0.1195        27       640    0.7983         1     0.995    0.7902   0.01438   0.08948         0
   223/299     1.23G   0.02446   0.09815         0    0.1226         8       640    0.8181         1     0.995     0.798   0.01461   0.09191         0
   224/299     1.23G    0.0257   0.09764         0    0.1233        10       640    0.8024         1     0.995    0.7823   0.01451   0.08938         0
   225/299     1.23G    0.0241   0.09249         0    0.1166        15       640    0.7886         1     0.995    0.7975   0.01439   0.08641         0
   226/299     1.23G   0.02451   0.09603         0    0.1205        17       640    0.7847         1     0.995    0.7889   0.01444   0.08597         0
   227/299     1.23G   0.02593   0.09881         0    0.1247        16       640    0.7912         1     0.995    0.8107   0.01411   0.08511         0
   228/299     1.23G   0.02726   0.09891         0    0.1262        11       640    0.7599         1     0.995    0.8258   0.01409   0.08193         0
   229/299     1.23G    0.0259   0.09919         0    0.1251        25       640    0.7623         1     0.995    0.8178   0.01434   0.08359         0
   230/299     1.23G   0.02552   0.09623         0    0.1217        18       640    0.8048         1     0.995    0.8133   0.01395   0.08347         0
   231/299     1.23G   0.02559   0.09755         0    0.1231        79       640    0.8069         1     0.995    0.8171   0.01447   0.08357         0
   232/299     1.23G   0.02557    0.1001         0    0.1257        39       640     0.804         1     0.995    0.7899   0.01477   0.08426         0
   233/299     1.23G    0.0249   0.09615         0    0.1211        37       640    0.7589         1     0.995    0.7983   0.01455   0.08268         0
   234/299     1.23G   0.02364   0.09601         0    0.1196        11       640    0.7806         1     0.995    0.7935   0.01509   0.08233         0
   235/299     1.23G   0.02452   0.09309         0    0.1176        56       640    0.8241         1     0.995    0.8073   0.01425   0.08147         0
   236/299     1.23G   0.02514   0.09715         0    0.1223        31       640    0.8306         1     0.995    0.7938   0.01421    0.0805         0
   237/299     1.23G   0.02469   0.09615         0    0.1208        31       640    0.7717         1     0.995      0.79    0.0143   0.08464         0
   238/299     1.23G   0.02564   0.09793         0    0.1236        27       640    0.7452         1     0.995    0.7976   0.01441   0.08095         0
   239/299     1.23G   0.02433    0.0959         0    0.1202        22       640    0.8367         1     0.995    0.7879   0.01454   0.08283         0
   240/299     1.23G   0.02514   0.09676         0    0.1219        43       640     0.852         1     0.995    0.8072   0.01451   0.08139         0
   241/299     1.23G   0.02494   0.09564         0    0.1206        57       640    0.8203         1    0.9933    0.7974   0.01458   0.08351         0
   242/299     1.23G   0.02572   0.09844         0    0.1242        28       640    0.7904         1     0.995    0.8022   0.01427   0.08171         0
   243/299     1.23G   0.02573   0.09798         0    0.1237        21       640    0.7635         1     0.995    0.8335   0.01394   0.07633         0
   244/299     1.23G    0.0241   0.09116         0    0.1153        13       640    0.7752         1     0.995    0.8332   0.01408   0.07559         0
   245/299     1.23G   0.02466    0.1001         0    0.1248        10       640    0.7542         1     0.995    0.8163   0.01423   0.07683         0
   246/299     1.23G   0.02434    0.0896         0    0.1139         5       640    0.7989         1     0.995     0.824   0.01416   0.07808         0
   247/299     1.23G   0.02526   0.09945         0    0.1247        35       640    0.8208         1     0.995    0.8105   0.01418   0.08117         0
   248/299     1.23G   0.02429    0.0899         0    0.1142        16       640    0.8182         1     0.995    0.8161   0.01413   0.07836         0
   249/299     1.23G   0.02524   0.09545         0    0.1207        20       640    0.8522         1     0.995    0.8222   0.01405   0.07956         0
   250/299     1.23G   0.02363   0.09419         0    0.1178        34       640    0.8031         1     0.995    0.8267   0.01411   0.07862         0
   251/299     1.23G   0.02376   0.09649         0    0.1203        56       640    0.8272         1     0.995    0.8182   0.01445    0.0814         0
   252/299     1.23G   0.02465   0.09512         0    0.1198        16       640    0.8099         1    0.9933    0.8255   0.01455   0.08154         0
   253/299     1.23G    0.0245    0.1007         0    0.1252        12       640    0.8219         1    0.9933    0.8138   0.01448   0.08227         0
   254/299     1.23G   0.02521   0.09354         0    0.1187        19       640    0.8033         1     0.995    0.8419   0.01417   0.07894         0
   255/299     1.23G    0.0246   0.09191         0    0.1165        13       640    0.8028         1     0.995    0.8229    0.0138   0.07741         0
   256/299     1.23G   0.02402    0.0944         0    0.1184        27       640     0.802         1     0.995    0.8366   0.01381   0.07333         0
   257/299     1.23G   0.02439   0.09393         0    0.1183        11       640    0.7785         1     0.995    0.8218   0.01392   0.07979         0
   258/299     1.23G    0.0245   0.09979         0    0.1243        12       640    0.7787         1     0.995    0.8154   0.01377   0.07467         0
   259/299     1.23G   0.02398    0.0936         0    0.1176        20       640    0.7736         1     0.995    0.8304   0.01383   0.07425         0
   260/299     1.23G   0.02492   0.09636         0    0.1213        26       640    0.7714         1     0.995    0.8305   0.01367   0.07299         0
   261/299     1.23G   0.02429   0.09444         0    0.1187        41       640    0.7782         1     0.995      0.83   0.01351   0.07159         0
   262/299     1.23G   0.02509   0.09921         0    0.1243        33       640    0.8066         1     0.995    0.8146   0.01386   0.07555         0
   263/299     1.23G   0.02463   0.09761         0    0.1222        12       640    0.7733         1     0.995    0.8311   0.01395   0.07393         0
   264/299     1.23G   0.02391   0.09095         0    0.1149        13       640     0.758         1     0.995    0.8159   0.01388   0.07224         0
   265/299     1.23G   0.02458   0.09617         0    0.1208        20       640    0.7695         1     0.995    0.8216   0.01411   0.07519         0
   266/299     1.23G   0.02492   0.09607         0     0.121        18       640    0.7747         1     0.995    0.8179   0.01403   0.07712         0
   267/299     1.23G   0.02467   0.09812         0    0.1228        15       640    0.7736         1     0.995    0.8303   0.01384    0.0753         0
   268/299     1.23G   0.02373   0.09145         0    0.1152        88       640    0.7752         1     0.995    0.8186    0.0137   0.07401         0
   269/299     1.23G   0.02325   0.09568         0    0.1189        11       640    0.7769         1     0.995    0.8203   0.01368   0.07543         0
   270/299     1.23G   0.02271   0.08702         0    0.1097         7       640    0.7948         1     0.995    0.8222   0.01326   0.07497         0
   271/299     1.23G   0.02419   0.09494         0    0.1191         8       640     0.787         1     0.995    0.8329   0.01316   0.07097         0
   272/299     1.23G   0.02329   0.09268         0     0.116         8       640    0.7774         1     0.995    0.8381   0.01344   0.07343         0
   273/299     1.23G   0.02273   0.09027         0     0.113        17       640    0.7896         1     0.995    0.8373   0.01364   0.07643         0
   274/299     1.23G   0.02389   0.09267         0    0.1166        31       640    0.7838         1     0.995    0.8275   0.01386    0.0772         0
   275/299     1.23G   0.02463   0.09625         0    0.1209        51       640    0.7932         1     0.995    0.8332   0.01375   0.07871         0
   276/299     1.23G   0.02416   0.09409         0    0.1183        37       640     0.777         1     0.995    0.8346   0.01369   0.07894         0
   277/299     1.23G   0.02474   0.09513         0    0.1199        15       640    0.7765         1    0.9917    0.8249   0.01391   0.07992         0
   278/299     1.23G   0.02399   0.09774         0    0.1217        90       640    0.7705         1     0.995    0.8215   0.01401   0.07562         0
   279/299     1.23G   0.02505    0.1046         0    0.1296        32       640    0.7804         1    0.9933    0.8214   0.01424   0.07903         0
   280/299     1.23G   0.02304   0.08681         0    0.1098        17       640    0.7531         1     0.995    0.8264   0.01372   0.07309         0
   281/299     1.23G   0.02397   0.09175         0    0.1157        16       640    0.7706         1     0.995    0.8264   0.01361    0.0738         0
   282/299     1.23G   0.02396   0.09471         0    0.1187        16       640    0.7696         1     0.995    0.8201   0.01372   0.07295         0
   283/299     1.23G    0.0232    0.0961         0    0.1193        15       640     0.778         1     0.995    0.8186   0.01392   0.07789         0
   284/299     1.23G   0.02414   0.09489         0     0.119        24       640    0.7809         1     0.995    0.8238   0.01361   0.07688         0
   285/299     1.23G   0.02459    0.0955         0    0.1201        12       640    0.7803         1     0.995    0.8447   0.01318   0.07323         0
   286/299     1.23G   0.02397   0.09311         0    0.1171        20       640    0.7935         1     0.995    0.8274   0.01331   0.07288         0
   287/299     1.23G   0.02374   0.09332         0    0.1171        21       640    0.7731         1     0.995    0.8172    0.0134   0.07517         0
   288/299     1.23G   0.02382   0.08791         0    0.1117        54       640    0.7837         1     0.995    0.8218   0.01331   0.07331         0
   289/299     1.23G    0.0235   0.09156         0    0.1151        22       640    0.8232         1     0.995    0.8134   0.01354   0.07604         0
   290/299     1.23G   0.02464   0.09863         0    0.1233        55       640    0.7965         1     0.995    0.8251   0.01341   0.07592         0
   291/299     1.23G   0.02504   0.09468         0    0.1197        24       640    0.7807         1     0.995     0.831   0.01321   0.07387         0
   292/299     1.23G   0.02491   0.09259         0    0.1175        43       640    0.7781         1    0.9933    0.8175   0.01393   0.07725         0
   293/299     1.23G   0.02475   0.09471         0    0.1195        34       640    0.7739         1    0.9933    0.8109   0.01398     0.079         0
   294/299     1.23G   0.02325   0.09131         0    0.1146        48       640    0.7961         1    0.9933    0.8142    0.0139   0.07967         0
   295/299     1.23G   0.02444   0.09379         0    0.1182        74       640    0.8166         1    0.9933    0.8208   0.01356   0.07613         0
   296/299     1.23G    0.0222   0.08781         0      0.11        39       640    0.8262         1     0.995    0.8309   0.01318    0.0738         0
   297/299     1.23G   0.02508   0.09279         0    0.1179        19       640    0.8254         1    0.9933    0.8316   0.01324   0.07469         0
   298/299     1.23G   0.02296   0.08956         0    0.1125        12       640    0.8215         1    0.9933    0.8025   0.01369   0.07763         0
   299/299     1.23G   0.02307   0.09361         0    0.1167        20       640    0.8172         1     0.995    0.8347   0.01317   0.07164         0
