0 0.499 0.5231350330500473 0.06733333333333333 0.22662889518413598
0 0.10966666666666666 0.10339943342776205 0.142 0.10292728989612843
0 0.2846666666666667 0.10859301227573183 0.15866666666666665 0.10387157695939567
0 0.08966666666666666 0.2762039660056657 0.154 0.08970727101038717
0 0.30866666666666664 0.2728989612842304 0.17333333333333334 0.10387157695939567
0 0.10099999999999999 0.42540132200188857 0.158 0.09159584513692162
0 0.29633333333333334 0.45325779036827196 0.17533333333333334 0.1019830028328612
0 0.11066666666666666 0.5892351274787536 0.20133333333333334 0.10387157695939567
0 0.315 0.5779036827195467 0.16466666666666666 0.1019830028328612
0 0.12533333333333332 0.7016052880075543 0.176 0.10953729933899906
0 0.308 0.7011331444759207 0.15733333333333333 0.1104815864022663
0 0.12433333333333332 0.8144475920679887 0.15 0.09726156751652502
0 0.29533333333333334 0.8130311614730878 0.176 0.09820585457979226
0 0.12633333333333333 0.9324834749763928 0.15933333333333333 0.09915014164305949
0 0.31066666666666665 0.9376770538243626 0.15733333333333333 0.10387157695939567
0 0.6983333333333334 0.07695939565627952 0.16466666666666666 0.11803588290840417
0 0.8976666666666666 0.06704438149197356 0.18333333333333332 0.12653446647780925
0 0.698 0.2351274787535411 0.17333333333333334 0.12086874409820586
0 0.8803333333333333 0.23654390934844194 0.16733333333333333 0.1104815864022663
0 0.713 0.4093484419263456 0.17533333333333334 0.11992445703493863
0 0.8993333333333333 0.4093484419263456 0.17866666666666667 0.11992445703493863
0 0.71 0.5585457979225685 0.18 0.11237016052880076
0 0.9106666666666666 0.5651558073654391 0.15733333333333333 0.08970727101038717
0 0.7076666666666667 0.6902738432483475 0.142 0.0906515580736544
0 0.8896666666666666 0.6732766761095373 0.162 0.10009442870632673
0 0.6853333333333333 0.8002832861189803 0.172 0.1048158640226629
0 0.877 0.7974504249291785 0.17666666666666667 0.1104815864022663
0 0.7013333333333334 0.9343720491029274 0.17466666666666666 0.11803588290840417
0 0.884 0.928706326723324 0.16799999999999998 0.1161473087818697
