0 0.097926267281106 0.3218210361067504 0.12211981566820276 0.37362637362637363
0 0.23963133640552994 0.3218210361067504 0.12903225806451613 0.3642072213500785
0 0.37039170506912444 0.3304552590266876 0.13248847926267282 0.37833594976452123
0 0.5144009216589862 0.3437990580847724 0.12096774193548387 0.3579277864992151
0 0.6486175115207373 0.3351648351648352 0.14055299539170507 0.3689167974882261
0 0.8052995391705069 0.32339089481946626 0.12672811059907835 0.37362637362637363
0 0.13709677419354838 0.7158555729984302 0.12903225806451613 0.37676609105180536
0 0.2736175115207373 0.7221350078492936 0.12557603686635946 0.37048665620094196
0 0.4084101382488479 0.7880690737833596 0.12557603686635946 0.38304552590266877
0 0.5599078341013825 0.7802197802197802 0.12672811059907835 0.37048665620094196
0 0.695852534562212 0.7605965463108321 0.11981566820276497 0.3218210361067504
0 0.8346774193548387 0.7087912087912088 0.12557603686635946 0.3563579277864992
