0 0.11543624161073825 0.3546511627906977 0.15570469798657718 0.3438538205980067
0 0.2651006711409396 0.35132890365448505 0.148993288590604 0.34717607973421927
0 0.4147651006711409 0.3504983388704319 0.14765100671140938 0.3388704318936877
0 0.6040268456375839 0.329734219269103 0.17986577181208052 0.3903654485049834
0 0.8389261744966442 0.35714285714285715 0.17181208053691274 0.4119601328903655
0 0.21543624161073824 0.770764119601329 0.1785234899328859 0.4152823920265781
0 0.3865771812080537 0.7898671096345515 0.12885906040268455 0.31727574750830567
0 0.5583892617449664 0.7666112956810631 0.14228187919463087 0.3637873754152824
0 0.7483221476510067 0.771594684385382 0.148993288590604 0.36710963455149503
0 0.9046979865771811 0.7516611295681064 0.14228187919463087 0.38372093023255816
