0 0.09001865671641791 0.2893081761006289 0.10354477611940298 0.33018867924528306
0 0.21361940298507462 0.28223270440251574 0.1044776119402985 0.3506289308176101
0 0.34328358208955223 0.31839622641509435 0.10634328358208955 0.3789308176100629
0 0.4734141791044776 0.30738993710691825 0.10914179104477612 0.3757861635220126
0 0.6049440298507462 0.3026729559748428 0.10167910447761194 0.3317610062893082
0 0.7299440298507462 0.3034591194968554 0.0960820895522388 0.35220125786163525
0 0.8493470149253731 0.29009433962264153 0.10914179104477612 0.369496855345912
0 0.08395522388059701 0.7138364779874214 0.10074626865671642 0.4088050314465409
0 0.2416044776119403 0.7169811320754718 0.11753731343283581 0.4119496855345912
0 0.3885261194029851 0.7610062893081762 0.1128731343283582 0.4088050314465409
0 0.5163246268656716 0.7468553459119497 0.10541044776119403 0.3867924528301887
0 0.6417910447761194 0.7507861635220127 0.1044776119402985 0.40723270440251574
0 0.7747201492537313 0.7130503144654089 0.10727611940298508 0.3474842767295598
0 0.8969216417910447 0.7523584905660378 0.10727611940298508 0.3726415094339623
