0 0.09674693705111956 0.29014778325123153 0.06928601605407689 0.3064039408866995
0 0.05851288550908323 0.7054187192118226 0.06125897760878749 0.30147783251231525
0 0.12758766370933672 0.6926108374384236 0.0574566962399662 0.3231527093596059
0 0.19095901985635824 0.6694581280788177 0.058301647655259824 0.31034482758620685
0 0.527672158850866 0.683743842364532 0.06675116180819603 0.33300492610837434
0 0.5971694127587663 0.6798029556650246 0.0781580059146599 0.29359605911330044
0 0.6615969581749049 0.6778325123152709 0.06844106463878327 0.32709359605911326
0 0.7245458386142797 0.6832512315270935 0.0701309674693705 0.2827586206896551
0 0.84305027460921 0.6926108374384236 0.0739332488381918 0.32709359605911326
0 0.9157160963244613 0.6842364532019704 0.06294888043937473 0.31034482758620685
0 0.2921419518377693 0.2738916256157635 0.06125897760878749 0.30147783251231525
0 0.3603717786227292 0.27586206896551724 0.06252640473172792 0.30147783251231525
0 0.4220532319391635 0.3029556650246305 0.058301647655259824 0.2768472906403941
0 0.4803548795944233 0.29556650246305416 0.06590621039290241 0.32118226600985217
0 0.5973806506125897 0.2630541871921182 0.05492184199408534 0.30935960591133005
0 0.2224334600760456 0.254679802955665 0.05618926911702577 0.29261083743842364
0 0.16138572032108153 0.2733990147783251 0.05492184199408534 0.24334975369458126
0 0.7991128010139417 0.2669950738916256 0.06125897760878749 0.29359605911330044
0 0.9298690325306295 0.2827586206896551 0.07858048162230671 0.29556650246305416
0 0.663709336713139 0.2714285714285714 0.05661174482467258 0.2551724137931034
0 0.7325728770595691 0.2733990147783251 0.0574566962399662 0.3064039408866995
