0 0.1040909090909091 0.77 0.06272727272727273 0.11272727272727273
0 0.17272727272727273 0.76 0.05818181818181818 0.10727272727272727
0 0.24045454545454545 0.7668181818181818 0.057272727272727274 0.12272727272727273
0 0.3781818181818182 0.75 0.056363636363636366 0.11090909090909092
0 0.45636363636363636 0.7727272727272727 0.05818181818181818 0.12727272727272726
0 0.575 0.7668181818181818 0.07 0.13
0 0.6459090909090909 0.7645454545454545 0.05545454545454546 0.12545454545454546
0 0.7136363636363636 0.7859090909090909 0.06545454545454546 0.13727272727272727
0 0.86 0.8018181818181818 0.11454545454545455 0.39636363636363636
0 0.17545454545454545 0.9181818181818182 0.06 0.13272727272727272
0 0.24454545454545454 0.9195454545454546 0.06545454545454546 0.13
0 0.3790909090909091 0.8872727272727273 0.06545454545454546 0.13090909090909092
0 0.44772727272727275 0.9209090909090909 0.057272727272727274 0.14181818181818182
0 0.5095454545454545 0.9213636363636364 0.05545454545454546 0.13727272727272727
0 0.5877272727272728 0.9268181818181818 0.07 0.1318181818181818
0 0.08681818181818182 0.3090909090909091 0.08454545454545455 0.12727272727272726
0 0.16818181818181818 0.3190909090909091 0.07636363636363637 0.12727272727272726
0 0.2318181818181818 0.32954545454545453 0.06909090909090909 0.12090909090909091
0 0.315 0.32727272727272727 0.07545454545454545 0.11636363636363636
0 0.3981818181818182 0.3259090909090909 0.06909090909090909 0.11545454545454545
0 0.4636363636363636 0.3372727272727273 0.06727272727272728 0.12
0 0.5413636363636364 0.3277272727272727 0.07 0.12090909090909091
0 0.6086363636363636 0.32227272727272727 0.06818181818181818 0.13
0 0.6777272727272727 0.3327272727272727 0.07 0.12
0 0.7713636363636364 0.3240909090909091 0.06272727272727273 0.12818181818181817
0 0.8513636363636363 0.3236363636363636 0.07727272727272727 0.1290909090909091
0 0.1 0.4640909090909091 0.07818181818181819 0.12636363636363637
0 0.16772727272727272 0.4627272727272727 0.06454545454545454 0.13272727272727272
0 0.24409090909090908 0.45954545454545453 0.06818181818181818 0.12272727272727273
0 0.3131818181818182 0.465 0.05545454545454546 0.12636363636363637
0 0.3809090909090909 0.4668181818181818 0.06 0.12454545454545454
0 0.445 0.4827272727272727 0.06272727272727273 0.14
0 0.5145454545454545 0.4677272727272727 0.06181818181818182 0.12272727272727273
0 0.5827272727272728 0.4586363636363636 0.06 0.12818181818181817
0 0.6513636363636364 0.4618181818181818 0.057272727272727274 0.12545454545454546
0 0.7245454545454545 0.45590909090909093 0.056363636363636366 0.12636363636363637
0 0.8045454545454546 0.4618181818181818 0.06909090909090909 0.12545454545454546
0 0.1009090909090909 0.05045454545454545 0.09818181818181818 0.09909090909090909
0 0.17909090909090908 0.04318181818181818 0.08 0.08454545454545455
0 0.25272727272727274 0.04363636363636364 0.07090909090909091 0.08545454545454545
0 0.33954545454545454 0.03363636363636364 0.08636363636363636 0.06545454545454546
0 0.41545454545454547 0.04 0.08181818181818182 0.07818181818181819
0 0.5 0.04318181818181818 0.09090909090909091 0.08454545454545455
0 0.5709090909090909 0.042727272727272725 0.0890909090909091 0.08363636363636363
0 0.6563636363636364 0.04363636363636364 0.09454545454545454 0.08545454545454545
0 0.74 0.041363636363636366 0.07272727272727272 0.0809090909090909
0 0.8218181818181818 0.038636363636363635 0.08 0.07545454545454545
0 0.9081818181818182 0.042727272727272725 0.06909090909090909 0.08363636363636363
