0 0.15315315315315314 0.1925925925925926 0.09009009009009009 0.20246913580246914
0 0.35765765765765767 0.3950617283950617 0.08108108108108109 0.21234567901234566
0 0.45765765765765765 0.39753086419753086 0.07207207207207207 0.2074074074074074
0 0.927027027027027 0.24074074074074073 0.12792792792792793 0.18024691358024691
0 0.6441441441441441 0.4037037037037037 0.07027027027027027 0.19506172839506172
0 0.7297297297297297 0.42592592592592593 0.07207207207207207 0.20987654320987653
0 0.5315315315315315 0.41358024691358025 0.06846846846846846 0.20987654320987653
0 0.34324324324324323 0.7802469135802469 0.08108108108108109 0.2074074074074074
0 0.4477477477477478 0.7716049382716049 0.07747747747747748 0.19506172839506172
0 0.5432432432432432 0.774074074074074 0.07027027027027027 0.20987654320987653
0 0.6549549549549549 0.7765432098765432 0.08828828828828829 0.21481481481481482
0 0.7468468468468469 0.7814814814814814 0.07387387387387387 0.20493827160493827
0 0.9081081081081082 0.7999999999999999 0.07207207207207207 0.2222222222222222
