0 0.06785714285714287 0.2870879120879121 0.11190476190476191 0.22802197802197804
0 0.19880952380952382 0.2870879120879121 0.10714285714285715 0.22252747252747254
0 0.3952380952380953 0.29532967032967034 0.1 0.23901098901098902
0 0.5 0.2733516483516484 0.11904761904761905 0.21703296703296704
0 0.6523809523809524 0.2994505494505495 0.10476190476190478 0.23626373626373628
0 0.7785714285714287 0.2967032967032967 0.1 0.23626373626373628
0 0.31309523809523815 0.7129120879120879 0.11190476190476191 0.23901098901098902
0 0.45119047619047625 0.7060439560439561 0.11666666666666668 0.24725274725274726
0 0.5833333333333334 0.7129120879120879 0.1142857142857143 0.25549450549450553
0 0.7154761904761905 0.701923076923077 0.09761904761904763 0.23351648351648355
