0 0.08238276299112801 0.3431372549019608 0.06844106463878327 0.33333333333333337
0 0.15019011406844104 0.3611111111111111 0.06463878326996197 0.31699346405228757
0 0.08745247148288973 0.7058823529411765 0.05830164765525982 0.27450980392156865
0 0.15652724968314322 0.6977124183006537 0.05703422053231939 0.3104575163398693
0 0.21229404309252217 0.369281045751634 0.062103929024081114 0.3006535947712418
0 0.21546261089987323 0.6911764705882353 0.055766793409378956 0.3104575163398693
0 0.2756653992395437 0.38562091503267976 0.05703422053231939 0.29411764705882354
0 0.28073510773130544 0.7336601307189543 0.049429657794676805 0.2581699346405229
0 0.34220532319391633 0.3611111111111111 0.055766793409378956 0.3104575163398693
0 0.3460076045627376 0.6764705882352942 0.05830164765525982 0.30718954248366015
0 0.39987325728770595 0.3366013071895425 0.054499366286438526 0.30718954248366015
0 0.4036755386565272 0.6617647058823529 0.054499366286438526 0.2712418300653595
0 0.4600760456273764 0.3709150326797386 0.055766793409378956 0.3235294117647059
0 0.5190114068441064 0.3464052287581699 0.051964512040557666 0.30718954248366015
0 0.5804816223067173 0.3562091503267974 0.05830164765525982 0.3006535947712418
0 0.523447401774398 0.6895424836601307 0.053231939163498096 0.29411764705882354
0 0.5855513307984791 0.6715686274509804 0.053231939163498096 0.2647058823529412
0 0.6432192648922687 0.673202614379085 0.05703422053231939 0.29411764705882354
0 0.7097591888466412 0.6683006535947713 0.055766793409378956 0.2973856209150327
0 0.7547528517110266 0.3545751633986928 0.05703422053231939 0.3235294117647059
0 0.7661596958174904 0.6977124183006537 0.054499366286438526 0.2908496732026144
0 0.8301647655259822 0.7058823529411765 0.053231939163498096 0.3137254901960784
0 0.8878326996197718 0.38562091503267976 0.06463878326996197 0.32679738562091504
0 0.8903675538656527 0.7320261437908497 0.05703422053231939 0.33333333333333337
