0 0.1264559068219634 0.41666666666666663 0.07321131447587355 0.26608187134502925
0 0.20715474209650583 0.3713450292397661 0.06821963394342762 0.2807017543859649
0 0.11896838602329451 0.7134502923976608 0.0848585690515807 0.30409356725146197
0 0.20632279534109818 0.6929824561403508 0.06988352745424294 0.26900584795321636
0 0.29034941763727123 0.6783625730994152 0.08153078202995008 0.2982456140350877
0 0.6148086522462562 0.2850877192982456 0.15141430948419302 0.22514619883040934
0 0.44509151414309484 0.7032163742690059 0.08818635607321132 0.3187134502923976
0 0.5357737104825291 0.7046783625730993 0.06988352745424294 0.25146198830409355
0 0.6938435940099834 0.7192982456140351 0.06988352745424294 0.24561403508771928
0 0.8019966722129784 0.7207602339181286 0.06988352745424294 0.2777777777777778
0 0.8860232945091514 0.7002923976608186 0.07487520798668885 0.26608187134502925
