0 0.08786610878661087 0.35416666666666663 0.061366806136680614 0.2857142857142857
0 0.046722454672245464 0.6994047619047619 0.05439330543933054 0.2857142857142857
0 0.18200836820083682 0.3601190476190476 0.06276150627615062 0.2976190476190476
0 0.18619246861924685 0.6845238095238095 0.05718270571827057 0.26785714285714285
0 0.2503486750348675 0.34523809523809523 0.06276150627615062 0.29166666666666663
0 0.3193863319386332 0.6785714285714285 0.061366806136680614 0.25
0 0.4595536959553696 0.3645833333333333 0.06555090655509066 0.29464285714285715
0 0.4497907949790795 0.6770833333333333 0.0599721059972106 0.29464285714285715
0 0.5174337517433751 0.675595238095238 0.06415620641562064 0.2857142857142857
0 0.5871687587168759 0.681547619047619 0.058577405857740586 0.2857142857142857
0 0.6527196652719665 0.675595238095238 0.061366806136680614 0.2976190476190476
0 0.6520223152022315 0.34970238095238093 0.06834030683403068 0.3005952380952381
0 0.7154811715481171 0.35565476190476186 0.06415620641562064 0.28273809523809523
0 0.7831241283124128 0.36160714285714285 0.06834030683403068 0.32440476190476186
0 0.8563458856345886 0.3571428571428571 0.07252440725244072 0.29166666666666663
0 0.7210599721059971 0.6607142857142857 0.058577405857740586 0.29166666666666663
0 0.7887029288702928 0.6741071428571428 0.06834030683403068 0.31845238095238093
0 0.8640167364016736 0.6458333333333333 0.06834030683403068 0.29166666666666663
