0 0.5072463768115942 0.08518005540166206 0.25507246376811593 0.06509695290858726
0 0.2536231884057971 0.15581717451523547 0.2289855072463768 0.05678670360110803
0 0.22028985507246376 0.28878116343490307 0.28405797101449276 0.062326869806094184
0 0.26811594202898553 0.36149584487534625 0.26956521739130435 0.060941828254847646
0 0.24492753623188407 0.43698060941828254 0.25217391304347825 0.05955678670360111
0 0.23623188405797102 0.5699445983379502 0.263768115942029 0.062326869806094184
0 0.23623188405797102 0.6378116343490304 0.28695652173913044 0.05955678670360111
0 0.23768115942028986 0.7119113573407202 0.2492753623188406 0.060941828254847646
0 0.24057971014492754 0.7832409972299169 0.3072463768115942 0.05955678670360111
0 0.24492753623188407 0.8490304709141274 0.28695652173913044 0.060941828254847646
0 0.5420289855072464 0.2257617728531856 0.28405797101449276 0.06925207756232687
0 0.5652173913043478 0.296398891966759 0.28405797101449276 0.060941828254847646
0 0.5478260869565218 0.360803324099723 0.28405797101449276 0.05678670360110803
0 0.5246376811594203 0.425207756232687 0.27246376811594203 0.06925207756232687
0 0.5550724637681159 0.49584487534626037 0.2811594202898551 0.060941828254847646
0 0.5550724637681159 0.5630193905817175 0.25217391304347825 0.05955678670360111
0 0.5652173913043478 0.7084487534626038 0.26666666666666666 0.05955678670360111
0 0.5420289855072464 0.7846260387811634 0.27246376811594203 0.062326869806094184
0 0.5507246376811594 0.850415512465374 0.3130434782608696 0.05817174515235457
0 0.5507246376811594 0.9182825484764543 0.2956521739130435 0.060941828254847646
