0 0.14722222222222223 0.3368055555555555 0.08333333333333334 0.29166666666666663
0 0.23148148148148148 0.3611111111111111 0.08518518518518518 0.2986111111111111
0 0.1388888888888889 0.6770833333333333 0.08518518518518518 0.3333333333333333
0 0.24074074074074076 0.6927083333333333 0.08518518518518518 0.3020833333333333
0 0.3231481481481482 0.3315972222222222 0.08703703703703704 0.3506944444444444
0 0.5018518518518519 0.3628472222222222 0.08888888888888889 0.34375
0 0.5972222222222222 0.6649305555555555 0.07962962962962963 0.3298611111111111
0 0.7685185185185186 0.32291666666666663 0.07407407407407407 0.3055555555555555
0 0.8472222222222222 0.3194444444444444 0.07962962962962963 0.3125
0 0.9361111111111111 0.4097222222222222 0.08703703703703704 0.47916666666666663
