0 0.06828193832599119 0.4463667820069204 0.048458149779735685 0.3044982698961938
0 0.12279735682819384 0.45847750865051906 0.056167400881057275 0.356401384083045
0 0.07048458149779736 0.7854671280276817 0.050660792951541855 0.3044982698961938
0 0.18337004405286345 0.39792387543252594 0.04955947136563877 0.35986159169550175
0 0.2351321585903084 0.4342560553633218 0.04955947136563877 0.314878892733564
0 0.29515418502202645 0.4290657439446367 0.050660792951541855 0.32525951557093424
0 0.3529735682819384 0.7681660899653979 0.047356828193832606 0.31833910034602075
0 0.40363436123348023 0.7647058823529412 0.04955947136563877 0.32525951557093424
0 0.4509911894273128 0.773356401384083 0.047356828193832606 0.30103806228373703
0 0.4966960352422908 0.4532871972318339 0.05506607929515419 0.32525951557093424
0 0.5484581497797357 0.4359861591695502 0.05506607929515419 0.32525951557093424
0 0.6007709251101322 0.4290657439446367 0.04955947136563877 0.3044982698961938
0 0.5991189427312776 0.7871972318339101 0.050660792951541855 0.30103806228373703
0 0.6580396475770925 0.8062283737024222 0.05176211453744494 0.31833910034602075
0 0.709251101321586 0.7768166089965398 0.04625550660792952 0.328719723183391
0 0.8617841409691631 0.45155709342560557 0.053964757709251104 0.33564013840830453
