0 0.10370370370370371 0.2770935960591133 0.06772486772486773 0.34236453201970446
0 0.1814814814814815 0.28448275862068967 0.06243386243386244 0.3226600985221675
0 0.24814814814814817 0.29433497536945813 0.06243386243386244 0.31773399014778325
0 0.32222222222222224 0.2721674876847291 0.06243386243386244 0.34236453201970446
0 0.39312169312169315 0.270935960591133 0.06455026455026455 0.2955665024630542
0 0.46402116402116406 0.2623152709359606 0.06031746031746032 0.3275862068965517
0 0.5338624338624339 0.25862068965517243 0.06031746031746032 0.29064039408866993
0 0.6037037037037037 0.24753694581280788 0.0708994708994709 0.3374384236453202
0 0.6767195767195767 0.2438423645320197 0.06666666666666667 0.27586206896551724
0 0.7492063492063492 0.24507389162561577 0.06984126984126984 0.3522167487684729
0 0.8243386243386244 0.2413793103448276 0.07195767195767196 0.3054187192118227
0 0.12328042328042328 0.6379310344827587 0.06666666666666667 0.31527093596059114
0 0.19470899470899472 0.6428571428571429 0.06137566137566138 0.2955665024630542
0 0.25873015873015875 0.6477832512315271 0.06031746031746032 0.32019704433497537
0 0.3322751322751323 0.6293103448275862 0.06560846560846562 0.3374384236453202
0 0.4042328042328043 0.6157635467980296 0.0634920634920635 0.31527093596059114
0 0.4724867724867725 0.6120689655172414 0.0708994708994709 0.3472906403940887
0 0.5417989417989418 0.6293103448275862 0.06772486772486773 0.3078817733990148
0 0.6132275132275132 0.6096059113300493 0.06455026455026455 0.312807881773399
0 0.6857142857142857 0.6071428571428571 0.06772486772486773 0.35714285714285715
0 0.8306878306878307 0.5948275862068966 0.07195767195767196 0.3078817733990148
