0 0.5935828877005347 0.07172131147540983 0.3368983957219251 0.08060109289617487
0 0.2927807486631016 0.1646174863387978 0.33957219251336895 0.07513661202185792
0 0.2981283422459893 0.25614754098360654 0.3181818181818182 0.06967213114754098
0 0.2994652406417112 0.3353825136612022 0.3315508021390374 0.07513661202185792
0 0.28208556149732616 0.5068306010928961 0.32887700534759357 0.08196721311475409
0 0.27941176470588236 0.6769125683060109 0.2647058823529412 0.07513661202185792
0 0.23930481283422458 0.9412568306010929 0.29679144385026734 0.08196721311475409
0 0.6524064171122994 0.16598360655737704 0.3422459893048128 0.07513661202185792
0 0.6483957219251336 0.2506830601092896 0.29679144385026734 0.06693989071038252
0 0.6524064171122994 0.3326502732240437 0.29411764705882354 0.07513661202185792
0 0.6483957219251336 0.4180327868852459 0.29679144385026734 0.07377049180327869
0 0.6443850267379678 0.5047814207650273 0.27807486631016043 0.07240437158469945
0 0.6443850267379678 0.5901639344262295 0.32085561497326204 0.07650273224043716
0 0.6363636363636364 0.6769125683060109 0.27807486631016043 0.07240437158469945
0 0.6443850267379678 0.7636612021857924 0.3048128342245989 0.07650273224043716
0 0.6390374331550802 0.8538251366120219 0.3529411764705882 0.07923497267759563
0 0.6336898395721925 0.9405737704918032 0.34759358288770054 0.0860655737704918
