0 0.05 0.5558823529411765 0.06629213483146068 0.711764705882353
0 0.15224719101123596 0.55 0.06853932584269663 0.6647058823529411
0 0.25674157303370787 0.5117647058823529 0.06629213483146068 0.7294117647058823
0 0.34494382022471914 0.49411764705882355 0.0651685393258427 0.6823529411764706
0 0.452247191011236 0.4764705882352941 0.06629213483146068 0.7647058823529411
0 0.5325842696629214 0.47352941176470587 0.07191011235955057 0.7
0 0.5977528089887642 0.4323529411764706 0.06067415730337079 0.7235294117647059
0 0.6679775280898878 0.4411764705882353 0.055056179775280906 0.7058823529411764
0 0.7365168539325844 0.4176470588235294 0.06629213483146068 0.6823529411764706
0 0.8061797752808989 0.4294117647058823 0.06629213483146068 0.7529411764705882
0 0.8764044943820225 0.40588235294117647 0.06966292134831462 0.8
0 0.9466292134831461 0.3676470588235294 0.06853932584269663 0.7235294117647059
