0 0.08497316636851521 0.3411764705882353 0.06976744186046512 0.3686274509803922
0 0.1556350626118068 0.3333333333333333 0.07155635062611806 0.3529411764705882
0 0.2298747763864043 0.30392156862745096 0.07334525939177101 0.3568627450980392
0 0.32737030411449014 0.30980392156862746 0.07155635062611806 0.33725490196078434
0 0.41323792486583183 0.3176470588235294 0.06797853309481217 0.34509803921568627
0 0.07245080500894455 0.6980392156862745 0.06618962432915922 0.3137254901960784
0 0.14937388193202147 0.6901960784313725 0.06976744186046512 0.32941176470588235
0 0.23613595706618962 0.6823529411764706 0.06797853309481217 0.33725490196078434
0 0.32558139534883723 0.6686274509803921 0.07155635062611806 0.34901960784313724
0 0.41234347048300535 0.6745098039215687 0.06618962432915922 0.32156862745098036
0 0.49821109123434704 0.6941176470588235 0.06976744186046512 0.3058823529411765
0 0.5733452593917711 0.32941176470588235 0.07334525939177101 0.33725490196078434
0 0.5813953488372093 0.6882352941176471 0.07155635062611806 0.3254901960784314
0 0.6618962432915921 0.3352941176470588 0.07513416815742398 0.3411764705882353
0 0.6681574239713775 0.7254901960784313 0.08407871198568873 0.4235294117647059
0 0.7432915921288015 0.32156862745098036 0.07334525939177101 0.33725490196078434
0 0.7441860465116279 0.7098039215686275 0.07155635062611806 0.3607843137254902
0 0.8202146690518783 0.7039215686274509 0.06618962432915922 0.27058823529411763
0 0.8282647584973166 0.3196078431372549 0.07155635062611806 0.34901960784313724
