0 0.07920792079207921 0.25842696629213485 0.09405940594059406 0.32958801498127344
0 0.1943069306930693 0.2565543071161049 0.09158415841584158 0.30337078651685395
0 0.06806930693069307 0.602996254681648 0.10148514851485149 0.3071161048689139
0 0.18811881188118812 0.6142322097378278 0.09900990099009901 0.3445692883895131
0 0.3131188118811881 0.6198501872659176 0.09653465346534654 0.31086142322097376
0 0.3118811881188119 0.2546816479400749 0.10396039603960396 0.33707865168539325
0 0.4282178217821782 0.2565543071161049 0.10396039603960396 0.35580524344569286
0 0.5495049504950495 0.2303370786516854 0.09405940594059406 0.31835205992509363
0 0.6732673267326733 0.2640449438202247 0.09900990099009901 0.31835205992509363
0 0.5346534653465347 0.6479400749063671 0.09405940594059406 0.3146067415730337
0 0.6584158415841584 0.6217228464419475 0.10891089108910891 0.3445692883895131
0 0.7673267326732673 0.6704119850187266 0.09405940594059406 0.2546816479400749
0 0.8626237623762376 0.6385767790262172 0.10148514851485149 0.30337078651685395
0 0.8601485148514851 0.31273408239700373 0.11138613861386139 0.31835205992509363
