0 0.08099062918340026 0.5416666666666666 0.05220883534136546 0.35144927536231885
0 0.14390896921017401 0.5688405797101449 0.05756358768406961 0.3333333333333333
0 0.2081659973226238 0.5905797101449275 0.05220883534136546 0.26811594202898553
0 0.27242302543507363 0.5561594202898551 0.05220883534136546 0.3079710144927536
0 0.33467202141900937 0.5471014492753623 0.0535475234270415 0.30434782608695654
0 0.4009370816599732 0.5597826086956522 0.05488621151271753 0.32971014492753625
0 0.465194109772423 0.5833333333333334 0.05488621151271753 0.3333333333333333
0 0.5327978580990629 0.605072463768116 0.050870147255689425 0.2971014492753623
0 0.5930388219544845 0.572463768115942 0.050870147255689425 0.2898550724637681
0 0.6398929049531459 0.29347826086956524 0.13386880856760375 0.16666666666666666
0 0.6546184738955823 0.5543478260869565 0.050870147255689425 0.3115942028985507
0 0.7128514056224899 0.5489130434782609 0.05488621151271753 0.3079710144927536
0 0.7737617135207496 0.21739130434782608 0.058902275769745646 0.34782608695652173
0 0.7764390896921017 0.5706521739130435 0.0535475234270415 0.31521739130434784
0 0.8333333333333333 0.26268115942028986 0.05488621151271753 0.3079710144927536
0 0.8902275769745649 0.2536231884057971 0.0642570281124498 0.2971014492753623
0 0.892904953145917 0.5978260869565217 0.0535475234270415 0.3115942028985507
0 0.9531459170013387 0.7264492753623188 0.05622489959839357 0.32971014492753625
