0 0.09336099585062241 0.338768115942029 0.0912863070539419 0.3007246376811594
0 0.18464730290456433 0.3170289855072464 0.0954356846473029 0.3007246376811594
0 0.2821576763485477 0.2898550724637681 0.0954356846473029 0.30434782608695654
0 0.36929460580912865 0.29891304347826086 0.0954356846473029 0.3007246376811594
0 0.46887966804979253 0.3170289855072464 0.0912863070539419 0.29347826086956524
0 0.5726141078838174 0.3061594202898551 0.0954356846473029 0.33695652173913043
0 0.6618257261410788 0.3568840579710145 0.0954356846473029 0.3079710144927536
0 0.11099585062240663 0.6702898550724637 0.09336099585062241 0.30434782608695654
0 0.29356846473029047 0.6920289855072463 0.08921161825726141 0.3115942028985507
0 0.3869294605809129 0.697463768115942 0.09336099585062241 0.27898550724637683
0 0.4854771784232365 0.7373188405797102 0.08713692946058091 0.25
0 0.5850622406639004 0.6793478260869565 0.1037344398340249 0.31521739130434784
0 0.7655601659751038 0.37318840579710144 0.08713692946058091 0.2971014492753623
0 0.8931535269709544 0.31884057971014496 0.13070539419087138 0.2971014492753623
0 0.66701244813278 0.6992753623188406 0.08091286307053942 0.3115942028985507
0 0.7686721991701245 0.6884057971014493 0.09336099585062241 0.3115942028985507
0 0.8609958506224067 0.6648550724637681 0.08713692946058091 0.29347826086956524
0 0.9522821576763485 0.6431159420289855 0.0954356846473029 0.33695652173913043
