0 0.14516129032258066 0.29411764705882354 0.0967741935483871 0.3235294117647059
0 0.14408602150537633 0.6213235294117647 0.08602150537634409 0.27205882352941174
0 0.24516129032258063 0.6176470588235294 0.09462365591397849 0.3235294117647059
0 0.23870967741935484 0.27205882352941174 0.09462365591397849 0.3088235294117647
0 0.33978494623655914 0.28308823529411764 0.08602150537634409 0.3014705882352941
0 0.432258064516129 0.2922794117647059 0.09032258064516129 0.33455882352941174
0 0.5344086021505376 0.2702205882352941 0.09247311827956989 0.3051470588235294
0 0.44408602150537635 0.6268382352941176 0.0967741935483871 0.29044117647058826
0 0.5419354838709678 0.6194852941176471 0.0989247311827957 0.3051470588235294
0 0.6408602150537634 0.5900735294117647 0.09462365591397849 0.3051470588235294
0 0.6344086021505376 0.2702205882352941 0.0989247311827957 0.2977941176470588
0 0.7333333333333333 0.2867647058823529 0.11182795698924732 0.3235294117647059
0 0.7408602150537634 0.6121323529411765 0.09247311827956989 0.3051470588235294
0 0.8354838709677419 0.27941176470588236 0.1010752688172043 0.33088235294117646
0 0.8365591397849462 0.6305147058823529 0.0989247311827957 0.3051470588235294
0 0.9333333333333333 0.2702205882352941 0.0989247311827957 0.31985294117647056
0 0.9333333333333333 0.6158088235294118 0.0989247311827957 0.2977941176470588
