0 0.12219451371571072 0.35106382978723405 0.12468827930174563 0.2978723404255319
0 0.23566084788029926 0.33865248226950356 0.11221945137157106 0.29432624113475175
0 0.2456359102244389 0.6578014184397163 0.10723192019950124 0.30141843971631205
0 0.3653366583541147 0.6914893617021276 0.11221945137157106 0.3120567375886525
0 0.46384039900249374 0.34397163120567376 0.12967581047381546 0.3475177304964539
0 0.5822942643391521 0.36347517730496454 0.10723192019950124 0.30851063829787234
0 0.5685785536159601 0.6737588652482269 0.10972568578553615 0.3120567375886525
0 0.6895261845386533 0.35106382978723405 0.1172069825436409 0.2978723404255319
0 0.6870324189526185 0.6826241134751773 0.10723192019950124 0.29432624113475175
0 0.8079800498753117 0.6595744680851063 0.10473815461346633 0.2978723404255319
0 0.9239401496259352 0.6312056737588653 0.11221945137157106 0.2765957446808511
0 0.9177057356608479 0.30673758865248224 0.11970074812967581 0.28723404255319146
