0 0.0878594249201278 0.11538461538461539 0.07667731629392971 0.06552706552706553
0 0.17492012779552715 0.11680911680911682 0.07827476038338657 0.06267806267806268
0 0.07827476038338657 0.1794871794871795 0.07987220447284345 0.06267806267806268
0 0.17252396166134185 0.18233618233618235 0.09584664536741214 0.06837606837606838
0 0.06389776357827476 0.3005698005698006 0.08945686900958466 0.05982905982905983
0 0.08466453674121405 0.3575498575498576 0.07348242811501597 0.05982905982905983
0 0.16373801916932906 0.24074074074074076 0.07507987220447285 0.06552706552706553
0 0.1597444089456869 0.3076923076923077 0.07667731629392971 0.06267806267806268
0 0.16693290734824281 0.42165242165242167 0.06869009584664537 0.05698005698005698
0 0.1645367412140575 0.4814814814814815 0.08306709265175719 0.06837606837606838
0 0.3634185303514377 0.12108262108262109 0.0878594249201278 0.05413105413105413
0 0.35543130990415334 0.3646723646723647 0.07827476038338657 0.05698005698005698
0 0.4544728434504792 0.18233618233618235 0.0718849840255591 0.05698005698005698
0 0.4480830670926517 0.24216524216524218 0.08466453674121405 0.05128205128205129
0 0.45766773162939295 0.29914529914529914 0.07827476038338657 0.07407407407407408
0 0.45287539936102233 0.358974358974359 0.07507987220447285 0.05128205128205129
0 0.45527156549520764 0.4273504273504274 0.08626198083067092 0.05698005698005698
0 0.4536741214057508 0.4871794871794872 0.07667731629392971 0.06837606837606838
0 0.3746006389776358 0.9615384615384616 0.06869009584664537 0.04843304843304844
0 0.6517571884984026 0.1339031339031339 0.07028753993610223 0.05698005698005698
0 0.6533546325878594 0.19515669515669518 0.08626198083067092 0.06552706552706553
0 0.6517571884984026 0.25071225071225073 0.0670926517571885 0.05698005698005698
0 0.645367412140575 0.3091168091168091 0.07987220447284345 0.05982905982905983
0 0.646964856230032 0.36894586894586895 0.08306709265175719 0.05982905982905983
0 0.6445686900958466 0.43304843304843305 0.07507987220447285 0.06267806267806268
0 0.639776357827476 0.5427350427350428 0.08466453674121405 0.05413105413105413
0 0.6477635782747604 0.603988603988604 0.0718849840255591 0.06837606837606838
0 0.7348242811501597 0.13105413105413105 0.07348242811501597 0.05698005698005698
0 0.742811501597444 0.1965811965811966 0.07667731629392971 0.05698005698005698
0 0.7300319488817891 0.254985754985755 0.08626198083067092 0.06552706552706553
0 0.8170926517571885 0.32193732193732194 0.07827476038338657 0.11965811965811966
0 0.7228434504792332 0.3646723646723647 0.06230031948881789 0.06267806267806268
0 0.7348242811501597 0.4287749287749288 0.08306709265175719 0.06552706552706553
0 0.7364217252396166 0.4829059829059829 0.08945686900958466 0.06552706552706553
0 0.9305111821086262 0.029914529914529916 0.08146964856230032 0.05413105413105413
0 0.9369009584664536 0.07977207977207977 0.07827476038338657 0.05698005698005698
0 0.9337060702875399 0.1396011396011396 0.08146964856230032 0.05128205128205129
0 0.9281150159744409 0.19943019943019943 0.07348242811501597 0.06267806267806268
0 0.9217252396166133 0.31054131054131057 0.08945686900958466 0.05698005698005698
0 0.926517571884984 0.3660968660968661 0.07348242811501597 0.06552706552706553
0 0.9297124600638977 0.43019943019943024 0.05750798722044728 0.05698005698005698
