0 0.09558067831449127 0.25267993874425726 0.11921891058581706 0.33690658499234305
0 0.065775950668037 0.6255742725880552 0.11099691675231244 0.33843797856049007
0 0.2338129496402878 0.2771822358346095 0.11408016443987667 0.32465543644716693
0 0.20195272353545735 0.6370597243491578 0.10996916752312436 0.3062787136294028
0 0.3381294964028777 0.6248085758039816 0.12949640287769784 0.333843797856049
0 0.35662898252826314 0.2871362940275651 0.10894141829393628 0.3078101071975498
0 0.486639260020555 0.2618683001531394 0.11202466598150052 0.3124042879019908
0 0.47430626927029806 0.6125574272588056 0.11202466598150052 0.3399693721286371
0 0.6521068859198356 0.2840735068912711 0.10585817060637205 0.3108728943338438
0 0.6274409044193217 0.6408882082695253 0.11408016443987667 0.36906584992343033
0 0.7867420349434738 0.3238897396630934 0.08735868448098665 0.2557427258805513
0 0.7702980472764646 0.6385911179173047 0.09969167523124357 0.3185298621745789
0 0.9193216855087359 0.30245022970903523 0.11202466598150052 0.332312404287902
0 0.9167523124357657 0.6309341500765697 0.11510791366906475 0.333843797856049
