0 0.022364217252396165 0.18091168091168092 0.04153354632587859 0.1566951566951567
0 0.06150159744408945 0.18091168091168092 0.04313099041533546 0.1452991452991453
0 0.05910543130990415 0.3319088319088319 0.04153354632587859 0.1452991452991453
0 0.023961661341853034 0.3304843304843305 0.04472843450479233 0.15954415954415954
0 0.10223642172523961 0.3632478632478633 0.04792332268370607 0.08831908831908833
0 0.13817891373801916 0.18376068376068377 0.039936102236421724 0.11680911680911682
0 0.17811501597444088 0.19230769230769232 0.04313099041533546 0.150997150997151
0 0.1757188498402556 0.35185185185185186 0.051118210862619806 0.1396011396011396
0 0.23562300319488816 0.35185185185185186 0.039936102236421724 0.1452991452991453
0 0.2507987220447284 0.20797720797720798 0.038338658146964855 0.13675213675213677
0 0.292332268370607 0.198005698005698 0.038338658146964855 0.1396011396011396
0 0.28833865814696485 0.33333333333333337 0.04313099041533546 0.13105413105413105
0 0.33226837060702874 0.19373219373219375 0.04153354632587859 0.13105413105413105
0 0.32827476038338654 0.33475783475783477 0.04313099041533546 0.1339031339031339
0 0.3690095846645367 0.1851851851851852 0.038338658146964855 0.13675213675213677
0 0.3698083067092652 0.3319088319088319 0.03035143769968051 0.11680911680911682
0 0.40734824281150156 0.17806267806267806 0.038338658146964855 0.1339031339031339
0 0.40894568690095845 0.3304843304843305 0.04472843450479233 0.13105413105413105
0 0.4464856230031949 0.18945868945868946 0.036741214057507986 0.1452991452991453
0 0.48562300319488816 0.1965811965811966 0.04153354632587859 0.14245014245014245
0 0.48003194888178913 0.3561253561253561 0.039936102236421724 0.13675213675213677
0 0.5255591054313099 0.1794871794871795 0.04153354632587859 0.14245014245014245
0 0.5215654952076677 0.33618233618233617 0.0463258785942492 0.14245014245014245
0 0.5638977635782747 0.32905982905982906 0.03514376996805112 0.1566951566951567
0 0.6046325878594249 0.32905982905982906 0.04313099041533546 0.1396011396011396
0 0.6054313099041533 0.18803418803418803 0.038338658146964855 0.13105413105413105
0 0.6405750798722044 0.19230769230769232 0.038338658146964855 0.1623931623931624
0 0.6837060702875399 0.19230769230769232 0.038338658146964855 0.1396011396011396
0 0.7196485623003195 0.3404558404558405 0.036741214057507986 0.1339031339031339
0 0.7603833865814696 0.16809116809116809 0.03514376996805112 0.13105413105413105
0 0.7587859424920127 0.3233618233618234 0.04792332268370607 0.1566951566951567
0 0.8003194888178914 0.19515669515669518 0.04792332268370607 0.150997150997151
0 0.7971246006389776 0.34615384615384615 0.04792332268370607 0.150997150997151
0 0.8394568690095846 0.2022792022792023 0.039936102236421724 0.14814814814814817
0 0.8761980830670926 0.17663817663817666 0.039936102236421724 0.14814814814814817
0 0.9153354632587859 0.17806267806267806 0.038338658146964855 0.150997150997151
0 0.8769968051118211 0.35042735042735046 0.051118210862619806 0.13675213675213677
0 0.9201277955271565 0.33333333333333337 0.04472843450479233 0.14245014245014245
0 0.02156549520766773 0.6367521367521368 0.039936102236421724 0.1452991452991453
0 0.019968051118210862 0.7863247863247864 0.036741214057507986 0.15384615384615385
0 0.055111821086261975 0.7777777777777778 0.04313099041533546 0.15384615384615385
0 0.09424920127795527 0.6324786324786326 0.04153354632587859 0.14814814814814817
0 0.11022364217252395 0.7834757834757835 0.051118210862619806 0.14814814814814817
0 0.1365814696485623 0.6438746438746439 0.0463258785942492 0.14814814814814817
0 0.1717252396166134 0.7863247863247864 0.04952076677316294 0.15384615384615385
0 0.21485623003194887 0.6282051282051282 0.039936102236421724 0.1396011396011396
0 0.21246006389776356 0.7792022792022792 0.04792332268370607 0.1452991452991453
0 0.25159744408945683 0.6253561253561254 0.03354632587859425 0.1396011396011396
0 0.2595846645367412 0.7905982905982907 0.0463258785942492 0.1623931623931624
0 0.29313099041533547 0.6182336182336182 0.0463258785942492 0.15384615384615385
0 0.32987220447284343 0.6310541310541311 0.039936102236421724 0.1623931623931624
0 0.3722044728434505 0.6267806267806268 0.038338658146964855 0.17094017094017094
0 0.33067092651757185 0.774928774928775 0.038338658146964855 0.13675213675213677
0 0.3746006389776358 0.774928774928775 0.03354632587859425 0.13675213675213677
0 0.48482428115015974 0.6296296296296297 0.036741214057507986 0.14245014245014245
0 0.48961661341853036 0.784900284900285 0.03035143769968051 0.150997150997151
0 0.5327476038338658 0.7877492877492878 0.039936102236421724 0.150997150997151
0 0.5271565495207667 0.6267806267806268 0.03194888178913738 0.13675213675213677
0 0.5662939297124601 0.6267806267806268 0.036741214057507986 0.13105413105413105
0 0.6070287539936102 0.6410256410256411 0.04153354632587859 0.15384615384615385
0 0.6477635782747604 0.6424501424501425 0.039936102236421724 0.1623931623931624
0 0.6884984025559105 0.6438746438746439 0.04472843450479233 0.14245014245014245
0 0.7651757188498403 0.6324786324786326 0.04153354632587859 0.14245014245014245
0 0.8043130990415335 0.6353276353276354 0.04313099041533546 0.14814814814814817
0 0.845846645367412 0.6324786324786326 0.04313099041533546 0.16524216524216526
0 0.9169329073482427 0.6168091168091169 0.051118210862619806 0.150997150997151
0 0.8809904153354632 0.782051282051282 0.039936102236421724 0.1737891737891738
0 0.9249201277955271 0.7678062678062678 0.04792332268370607 0.16809116809116809
