0 0.16533546325878593 0.20863309352517984 0.08146964856230032 0.0671462829736211
0 0.07747603833865814 0.34172661870503596 0.0878594249201278 0.06954436450839328
0 0.07747603833865814 0.42446043165467623 0.09424920127795527 0.05755395683453237
0 0.07348242811501597 0.5323741007194244 0.09904153354632587 0.07194244604316546
0 0.07507987220447285 0.671462829736211 0.08626198083067092 0.05755395683453237
0 0.07108626198083066 0.7422062350119903 0.09424920127795527 0.05515587529976019
0 0.06789137380191693 0.8285371702637889 0.10063897763578275 0.06474820143884892
0 0.1717252396166134 0.2913669064748201 0.0878594249201278 0.06474820143884892
0 0.17012779552715654 0.35371702637889685 0.09424920127795527 0.06474820143884892
0 0.16693290734824281 0.46642685851318944 0.08466453674121405 0.05995203836930455
0 0.16293929712460065 0.5431654676258992 0.08626198083067092 0.05995203836930455
0 0.1621405750798722 0.6139088729016786 0.08466453674121405 0.0671462829736211
0 0.16373801916932906 0.6834532374100719 0.0878594249201278 0.05755395683453237
0 0.16373801916932906 0.7482014388489208 0.09424920127795527 0.0671462829736211
0 0.16134185303514376 0.8321342925659472 0.0926517571884984 0.07194244604316546
0 0.3514376996805112 0.15227817745803357 0.08945686900958466 0.06954436450839328
0 0.4424920127795527 0.08633093525179855 0.08945686900958466 0.0671462829736211
0 0.3442492012779553 0.2853717026378897 0.0878594249201278 0.07194244604316546
0 0.4408945686900958 0.3501199040767386 0.07987220447284345 0.06235011990407673
0 0.3514376996805112 0.42206235011990406 0.07667731629392971 0.05755395683453237
0 0.3386581469648562 0.539568345323741 0.07348242811501597 0.06235011990407673
0 0.4456869009584664 0.4796163069544364 0.07667731629392971 0.05275779376498801
0 0.35383386581469645 0.6139088729016786 0.08466453674121405 0.05755395683453237
0 0.4424920127795527 0.6079136690647482 0.08306709265175719 0.05995203836930455
0 0.35303514376996803 0.6786570743405276 0.08945686900958466 0.05275779376498801
0 0.4424920127795527 0.6750599520383692 0.0926517571884984 0.05995203836930455
0 0.35543130990415334 0.7386091127098321 0.0878594249201278 0.04796163069544364
0 0.4432907348242811 0.7434052757793764 0.08146964856230032 0.05755395683453237
0 0.6421725239616614 0.026378896882494004 0.07348242811501597 0.04796163069544364
0 0.6246006389776357 0.21103117505995203 0.08306709265175719 0.07194244604316546
0 0.713258785942492 0.2805755395683453 0.08466453674121405 0.05755395683453237
0 0.682108626198083 0.3489208633093525 0.12779552715654952 0.06954436450839328
0 0.6222044728434505 0.4700239808153477 0.08466453674121405 0.05755395683453237
0 0.6166134185303515 0.5443645083932853 0.07667731629392971 0.05755395683453237
0 0.7092651757188498 0.6103117505995204 0.08945686900958466 0.06474820143884892
0 0.6230031948881789 0.6690647482014388 0.08306709265175719 0.05755395683453237
0 0.6158146964856229 0.7278177458033572 0.09424920127795527 0.06474820143884892
0 0.7060702875399361 0.672661870503597 0.0926517571884984 0.07434052757793765
0 0.8985623003194888 0.08992805755395683 0.08466453674121405 0.06474820143884892
0 0.8849840255591054 0.3345323741007194 0.08626198083067092 0.05995203836930455
0 0.8937699680511182 0.6115107913669064 0.10383386581469647 0.0671462829736211
0 0.8977635782747604 0.7446043165467625 0.08306709265175719 0.06954436450839328
0 0.9736421725239616 0.4808153477218225 0.052715654952076675 0.05515587529976019
0 0.9696485623003195 0.6151079136690647 0.06070287539936102 0.06474820143884892
0 0.9688498402555911 0.7446043165467625 0.06230031948881789 0.05995203836930455
