0 0.03035143769968051 0.327720207253886 0.038338658146964855 0.13212435233160622
0 0.0670926517571885 0.31994818652849744 0.038338658146964855 0.13212435233160622
0 0.11022364217252395 0.33031088082901555 0.03514376996805112 0.13212435233160622
0 0.15175718849840256 0.31865284974093266 0.04153354632587859 0.1295336787564767
0 0.19568690095846644 0.3160621761658031 0.04313099041533546 0.12435233160621761
0 0.2364217252396166 0.31994818652849744 0.04472843450479233 0.1373056994818653
0 0.2787539936102236 0.3121761658031088 0.039936102236421724 0.1528497409326425
0 0.3194888178913738 0.3082901554404145 0.03194888178913738 0.11398963730569948
0 0.3570287539936102 0.2759067357512954 0.039936102236421724 0.1373056994818653
0 0.3945686900958466 0.32512953367875647 0.03514376996805112 0.13212435233160622
0 0.4400958466453674 0.31088082901554404 0.036741214057507986 0.13989637305699482
0 0.48322683706070285 0.305699481865285 0.036741214057507986 0.1450777202072539
0 0.5231629392971245 0.31476683937823835 0.039936102236421724 0.12694300518134716
0 0.6006389776357828 0.3121761658031088 0.04472843450479233 0.12176165803108809
0 0.6805111821086262 0.3121761658031088 0.04153354632587859 0.1373056994818653
0 0.7236421725239617 0.31476683937823835 0.038338658146964855 0.14248704663212436
0 0.7715654952076677 0.31476683937823835 0.04153354632587859 0.1373056994818653
0 0.8099041533546325 0.3173575129533679 0.03514376996805112 0.1528497409326425
0 0.8490415335463258 0.3238341968911917 0.039936102236421724 0.13471502590673576
0 0.8905750798722044 0.322538860103627 0.039936102236421724 0.1373056994818653
0 0.9369009584664536 0.13989637305699482 0.039936102236421724 0.1295336787564767
0 0.036741214057507986 0.4727979274611399 0.038338658146964855 0.1373056994818653
0 0.08226837060702875 0.46632124352331605 0.0463258785942492 0.1450777202072539
0 0.1509584664536741 0.4624352331606218 0.04952076677316294 0.14248704663212436
0 0.19329073482428114 0.4572538860103627 0.04472843450479233 0.1528497409326425
0 0.23482428115015974 0.44948186528497414 0.03514376996805112 0.12694300518134716
0 0.35942492012779553 0.4455958549222798 0.03514376996805112 0.12435233160621761
0 0.43051118210862616 0.4533678756476684 0.04952076677316294 0.1450777202072539
0 0.5175718849840255 0.4468911917098446 0.04153354632587859 0.1528497409326425
0 0.5583067092651757 0.4468911917098446 0.039936102236421724 0.12176165803108809
0 0.6054313099041533 0.45984455958549225 0.03514376996805112 0.1373056994818653
0 0.6493610223642172 0.4520725388601036 0.039936102236421724 0.1373056994818653
0 0.700479233226837 0.45077720207253885 0.0463258785942492 0.15544041450777202
0 0.7691693290734823 0.4585492227979275 0.04313099041533546 0.15025906735751296
0 0.889776357827476 0.4624352331606218 0.04153354632587859 0.13212435233160622
0 0.025559105431309903 0.7655440414507773 0.04472843450479233 0.13212435233160622
0 0.0718849840255591 0.7435233160621761 0.03514376996805112 0.12435233160621761
0 0.11261980830670926 0.7590673575129534 0.039936102236421724 0.13471502590673576
0 0.15175718849840256 0.7720207253886011 0.03514376996805112 0.11398963730569948
0 0.18929712460063897 0.7694300518134716 0.04313099041533546 0.1450777202072539
0 0.23242811501597443 0.7461139896373057 0.04313099041533546 0.11917098445595856
0 0.27715654952076674 0.766839378238342 0.039936102236421724 0.13989637305699482
0 0.3170926517571885 0.766839378238342 0.03354632587859425 0.13989637305699482
0 0.35862619808306706 0.7629533678756477 0.036741214057507986 0.14248704663212436
0 0.40415335463258784 0.7577720207253886 0.038338658146964855 0.13212435233160622
0 0.4408945686900958 0.7461139896373057 0.038338658146964855 0.1295336787564767
0 0.48003194888178913 0.7487046632124352 0.04313099041533546 0.1295336787564767
0 0.5215654952076677 0.7720207253886011 0.039936102236421724 0.1450777202072539
0 0.6022364217252396 0.7629533678756477 0.06070287539936102 0.14766839378238342
0 0.6222044728434505 0.9132124352331606 0.0878594249201278 0.07512953367875648
0 0.6884984025559105 0.7629533678756477 0.04472843450479233 0.15803108808290156
0 0.7707667731629393 0.7551813471502591 0.039936102236421724 0.12176165803108809
0 0.8138977635782747 0.7422279792746114 0.04313099041533546 0.14248704663212436
0 0.8865814696485622 0.7538860103626943 0.04792332268370607 0.13989637305699482
0 0.9544728434504792 0.8937823834196892 0.0463258785942492 0.1295336787564767
0 0.1230031948881789 0.042746113989637305 0.04153354632587859 0.08031088082901555
0 0.194888178913738 0.042746113989637305 0.038338658146964855 0.08031088082901555
0 0.2364217252396166 0.040155440414507776 0.03514376996805112 0.07512953367875648
0 0.27955271565495204 0.027202072538860103 0.025559105431309903 0.04922279792746114
0 0.31389776357827476 0.038860103626943004 0.036741214057507986 0.07253886010362695
0 0.35303514376996803 0.04145077720207254 0.03194888178913738 0.07772020725388601
0 0.3977635782747604 0.04922279792746114 0.04472843450479233 0.09326424870466321
0 0.4776357827476038 0.038860103626943004 0.03194888178913738 0.07253886010362695
0 0.5175718849840255 0.02849740932642487 0.03514376996805112 0.05181347150259068
0 0.5662939297124601 0.04533678756476684 0.039936102236421724 0.08549222797927461
0 0.603035143769968 0.042746113989637305 0.03354632587859425 0.08031088082901555
0 0.6493610223642172 0.05181347150259068 0.04313099041533546 0.09844559585492228
0 0.694888178913738 0.040155440414507776 0.03514376996805112 0.07512953367875648
0 0.7675718849840255 0.042746113989637305 0.03354632587859425 0.08031088082901555
0 0.8067092651757188 0.036269430051813475 0.03514376996805112 0.06735751295336788
0 0.8514376996805112 0.044041450777202076 0.038338658146964855 0.08290155440414508
0 0.8929712460063898 0.038860103626943004 0.038338658146964855 0.07253886010362695
