0 0.0388235294117647 0.18085106382978722 0.07294117647058823 0.22695035460992907
0 0.1341176470588235 0.17375886524822695 0.07058823529411765 0.23404255319148937
0 0.22941176470588234 0.1826241134751773 0.06823529411764705 0.23049645390070922
0 0.3388235294117647 0.1702127659574468 0.07058823529411765 0.20567375886524822
0 0.4352941176470588 0.15602836879432624 0.07529411764705882 0.22695035460992907
0 0.5258823529411765 0.16843971631205673 0.07294117647058823 0.22340425531914893
0 0.6329411764705882 0.15602836879432624 0.08470588235294117 0.2553191489361702
0 0.7376470588235293 0.16843971631205673 0.10117647058823528 0.22340425531914893
0 0.8223529411764705 0.14716312056737588 0.09647058823529411 0.20212765957446807
0 0.9211764705882353 0.1631205673758865 0.11529411764705881 0.2624113475177305
0 0.12235294117647058 0.4787234042553191 0.19294117647058823 0.12056737588652482
0 0.3329411764705882 0.4734042553191489 0.16235294117647056 0.10992907801418439
0 0.5317647058823529 0.4716312056737589 0.16941176470588235 0.09929078014184398
0 0.708235294117647 0.4804964539007092 0.18823529411764706 0.11702127659574468
0 0.9270588235294117 0.4716312056737589 0.14588235294117646 0.09929078014184398
0 0.0388235294117647 0.8262411347517731 0.07294117647058823 0.23404255319148937
0 0.11058823529411764 0.8280141843971631 0.12705882352941175 0.25177304964539005
0 0.2176470588235294 0.8280141843971631 0.10117647058823528 0.25886524822695034
0 0.3164705882352941 0.8244680851063829 0.06352941176470588 0.24468085106382978
0 0.4270588235294117 0.8351063829787234 0.09647058823529411 0.25177304964539005
0 0.5235294117647058 0.8404255319148936 0.11058823529411764 0.23404255319148937
0 0.62 0.8120567375886525 0.12941176470588234 0.24822695035460993
0 0.72 0.8085106382978723 0.12705882352941175 0.24822695035460993
0 0.8341176470588234 0.8138297872340425 0.12470588235294117 0.24468085106382978
0 0.9329411764705882 0.801418439716312 0.12470588235294117 0.24822695035460993
