0 0.9369009584664536 0.31196581196581197 0.0463258785942492 0.1566951566951567
0 0.8386581469648562 0.14672364672364674 0.04472843450479233 0.150997150997151
0 0.7915335463258786 0.1452991452991453 0.039936102236421724 0.15384615384615385
0 0.744408945686901 0.15527065527065528 0.04472843450479233 0.150997150997151
0 0.700479233226837 0.1566951566951567 0.04313099041533546 0.15954415954415954
0 0.6150159744408945 0.16666666666666669 0.04153354632587859 0.150997150997151
0 0.5710862619808307 0.15242165242165243 0.039936102236421724 0.16809116809116809
0 0.5247603833865815 0.15242165242165243 0.039936102236421724 0.150997150997151
0 0.4792332268370607 0.1452991452991453 0.03514376996805112 0.14245014245014245
0 0.43690095846645366 0.1623931623931624 0.039936102236421724 0.17094017094017094
0 0.3937699680511182 0.1623931623931624 0.039936102236421724 0.15384615384615385
0 0.16373801916932906 0.15811965811965814 0.04313099041533546 0.1566951566951567
0 0.11980830670926518 0.1396011396011396 0.04472843450479233 0.15954415954415954
0 0.0742811501597444 0.15384615384615385 0.04313099041533546 0.15384615384615385
0 0.026357827476038338 0.13532763532763534 0.04952076677316294 0.16809116809116809
0 0.16693290734824281 0.3162393162393163 0.04313099041533546 0.13675213675213677
0 0.1182108626198083 0.30484330484330485 0.04792332268370607 0.14814814814814817
0 0.03194888178913738 0.30484330484330485 0.054313099041533544 0.16524216524216526
0 0.35303514376996803 0.33618233618233617 0.03514376996805112 0.09686609686609687
0 0.3945686900958466 0.32193732193732194 0.038338658146964855 0.15384615384615385
0 0.43849840255591055 0.32763532763532766 0.039936102236421724 0.15384615384615385
0 0.48402555910543127 0.3133903133903134 0.04472843450479233 0.16524216524216526
0 0.5295527156549521 0.301994301994302 0.039936102236421724 0.17094017094017094
0 0.5726837060702875 0.33760683760683763 0.039936102236421724 0.1737891737891738
0 0.6150159744408945 0.33333333333333337 0.038338658146964855 0.17094017094017094
0 0.6573482428115016 0.32051282051282054 0.04313099041533546 0.16809116809116809
0 0.6988817891373802 0.3233618233618234 0.039936102236421724 0.1623931623931624
0 0.7523961661341853 0.3319088319088319 0.04792332268370607 0.1623931623931624
0 0.7939297124600638 0.3148148148148148 0.04792332268370607 0.1623931623931624
0 0.8434504792332268 0.301994301994302 0.04472843450479233 0.13105413105413105
0 0.8394568690095846 0.6381766381766382 0.052715654952076675 0.15954415954415954
0 0.8394568690095846 0.8076923076923077 0.0463258785942492 0.1737891737891738
0 0.7939297124600638 0.7891737891737892 0.04472843450479233 0.15384615384615385
0 0.7468051118210862 0.6239316239316239 0.0463258785942492 0.15384615384615385
0 0.75 0.784900284900285 0.0463258785942492 0.16809116809116809
0 0.7068690095846645 0.7948717948717949 0.039936102236421724 0.13675213675213677
0 0.6645367412140575 0.6367521367521368 0.04472843450479233 0.1623931623931624
0 0.5686900958466453 0.6339031339031339 0.04792332268370607 0.1566951566951567
0 0.523961661341853 0.6381766381766382 0.04153354632587859 0.15954415954415954
0 0.48402555910543127 0.6339031339031339 0.038338658146964855 0.150997150997151
0 0.4400958466453674 0.6353276353276354 0.04313099041533546 0.14245014245014245
0 0.3961661341853035 0.6310541310541311 0.04153354632587859 0.1396011396011396
0 0.40974440894568687 0.8133903133903134 0.04313099041533546 0.150997150997151
0 0.48003194888178913 0.7948717948717949 0.04313099041533546 0.14245014245014245
0 0.5271565495207667 0.8062678062678063 0.04472843450479233 0.17663817663817666
0 0.5742811501597443 0.8034188034188035 0.04313099041533546 0.14814814814814817
0 0.6158146964856229 0.7962962962962964 0.04313099041533546 0.150997150997151
0 0.6653354632587859 0.8005698005698006 0.039936102236421724 0.15384615384615385
0 0.2803514376996805 0.5826210826210827 0.036741214057507986 0.1566951566951567
0 0.2268370607028754 0.5925925925925927 0.04153354632587859 0.16524216524216526
0 0.1597444089456869 0.6267806267806268 0.04792332268370607 0.14814814814814817
0 0.16293929712460065 0.811965811965812 0.04153354632587859 0.15954415954415954
0 0.11501597444089456 0.6296296296296297 0.04472843450479233 0.17094017094017094
0 0.0694888178913738 0.6367521367521368 0.04313099041533546 0.1566951566951567
0 0.0231629392971246 0.6125356125356126 0.04313099041533546 0.14814814814814817
0 0.0670926517571885 0.7991452991452992 0.04792332268370607 0.1452991452991453
0 0.02476038338658147 0.7905982905982907 0.0463258785942492 0.1623931623931624
