0 0.10383386581469647 0.43083573487031696 0.05750798722044728 0.18155619596541786
0 0.3522364217252396 0.4121037463976945 0.05910543130990415 0.2132564841498559
0 0.4153354632587859 0.40922190201729103 0.05750798722044728 0.20749279538904897
0 0.48083067092651754 0.39625360230547546 0.04792332268370607 0.20461095100864551
0 0.542332268370607 0.40778097982708933 0.05591054313099041 0.21037463976945245
0 0.7987220447284344 0.4048991354466859 0.06070287539936102 0.21613832853025935
0 0.8642172523961661 0.40057636887608067 0.06389776357827476 0.24207492795389046
0 0.10063897763578275 0.6426512968299711 0.06389776357827476 0.20749279538904897
0 0.16373801916932906 0.6354466858789625 0.05910543130990415 0.1988472622478386
0 0.23003194888178913 0.6585014409221902 0.06070287539936102 0.20461095100864551
0 0.292332268370607 0.638328530259366 0.05750798722044728 0.21613832853025935
0 0.4201277955271565 0.6599423631123918 0.054313099041533544 0.20749279538904897
0 0.48242811501597443 0.6556195965417867 0.06070287539936102 0.2276657060518732
0 0.6110223642172524 0.6498559077809798 0.05591054313099041 0.2276657060518732
0 0.6757188498402555 0.6512968299711815 0.06070287539936102 0.2132564841498559
0 0.7356230031948882 0.6541786743515849 0.05910543130990415 0.2132564841498559
0 0.8011182108626198 0.6469740634005763 0.05910543130990415 0.21037463976945245
0 0.8546325878594249 0.6368876080691642 0.054313099041533544 0.19596541786743515
0 0.9225239616613418 0.6613832853025936 0.06549520766773162 0.22190201729106626
