0 0.7100638977635783 0.13788968824940048 0.1134185303514377 0.08393285371702637
0 0.8075079872204473 0.30335731414868106 0.11661341853035143 0.06954436450839328
0 0.8059105431309904 0.46163069544364504 0.11022364217252395 0.07434052757793765
0 0.6940894568690096 0.5467625899280575 0.1134185303514377 0.07673860911270983
0 0.8035143769968051 0.6378896882494004 0.09584664536741214 0.07194244604316546
0 0.6996805111821086 0.7098321342925659 0.10223642172523961 0.07673860911270983
0 0.3490415335463259 0.20863309352517984 0.097444089456869 0.06235011990407673
0 0.4744408945686901 0.3884892086330935 0.10223642172523961 0.07673860911270983
0 0.4728434504792332 0.5551558752997602 0.10543130990415335 0.06954436450839328
0 0.46246006389776356 0.7086330935251798 0.10063897763578275 0.06474820143884892
0 0.3514376996805112 0.5491606714628297 0.1182108626198083 0.07673860911270983
0 0.35782747603833864 0.7086330935251798 0.09904153354632587 0.07434052757793765
0 0.03514376996805112 0.04676258992805755 0.0670926517571885 0.06954436450839328
0 0.13099041533546324 0.13069544364508393 0.10223642172523961 0.06474820143884892
0 0.08466453674121405 0.2146282973621103 0.16613418530351437 0.08872901678657073
0 0.039936102236421724 0.3717026378896882 0.07667731629392971 0.08153477218225419
0 0.03194888178913738 0.46642685851318944 0.06070287539936102 0.06954436450839328
0 0.12939297124600638 0.5443645083932853 0.10543130990415335 0.0671462829736211
0 0.034345047923322686 0.6139088729016786 0.06549520766773162 0.07194244604316546
0 0.13099041533546324 0.6342925659472421 0.11182108626198083 0.07434052757793765
0 0.03594249201277955 0.7014388489208633 0.06869009584664537 0.06954436450839328
