0 0.17971246006389777 0.039568345323741004 0.1134185303514377 0.07434052757793765
0 0.16853035143769968 0.12230215827338128 0.1230031948881789 0.08153477218225419
0 0.07747603833865814 0.3896882494004796 0.10063897763578275 0.07434052757793765
0 0.07667731629392971 0.6522781774580335 0.09904153354632587 0.07194244604316546
0 0.06150159744408945 0.8896882494004795 0.1134185303514377 0.07673860911270983
0 0.06070287539936102 0.9640287769784172 0.1182108626198083 0.06235011990407673
0 0.549520766773163 0.14028776978417265 0.04792332268370607 0.17026378896882494
0 0.6613418530351437 0.17386091127098321 0.0926517571884984 0.07913669064748201
0 0.6565495207667731 0.4100719424460431 0.10862619808306709 0.07194244604316546
0 0.6661341853035143 0.526378896882494 0.09904153354632587 0.06474820143884892
0 0.6541533546325878 0.5971223021582733 0.097444089456869 0.06235011990407673
0 0.8913738019169328 0.31654676258992803 0.0926517571884984 0.07194244604316546
0 0.90814696485623 0.17386091127098321 0.10063897763578275 0.07434052757793765
0 0.9009584664536741 0.09712230215827337 0.09904153354632587 0.06474820143884892
0 0.8993610223642172 0.028776978417266185 0.08626198083067092 0.05275779376498801
