0 0.08403361344537816 0.06633906633906633 0.1411764705882353 0.09336609336609336
0 0.23109243697478993 0.06388206388206388 0.12268907563025211 0.08353808353808354
0 0.07899159663865547 0.17567567567567566 0.12436974789915967 0.09090909090909091
0 0.08655462184873951 0.28869778869778867 0.12941176470588237 0.09582309582309582
0 0.07899159663865547 0.4017199017199017 0.12436974789915967 0.085995085995086
0 0.07394957983193277 0.5085995085995085 0.1142857142857143 0.07862407862407862
0 0.07899159663865547 0.6105651105651105 0.12436974789915967 0.085995085995086
0 0.07899159663865547 0.7174447174447174 0.12100840336134455 0.07862407862407862
0 0.08151260504201681 0.816953316953317 0.12605042016806722 0.085995085995086
0 0.08403361344537816 0.9312039312039312 0.12100840336134455 0.08845208845208845
0 0.22436974789915967 0.16953316953316952 0.14285714285714288 0.08845208845208845
0 0.22689075630252103 0.27764127764127766 0.14453781512605043 0.08845208845208845
0 0.2369747899159664 0.3894348894348894 0.1142857142857143 0.08108108108108109
0 0.23445378151260507 0.49385749385749383 0.12605042016806722 0.07862407862407862
0 0.22941176470588237 0.6044226044226044 0.12941176470588237 0.09336609336609336
0 0.21680672268907564 0.7186732186732187 0.1546218487394958 0.09090909090909091
0 0.22436974789915967 0.8316953316953317 0.12941176470588237 0.10073710073710074
0 0.23445378151260507 0.9373464373464373 0.13613445378151262 0.10073710073710074
0 0.4142857142857143 0.07248157248157248 0.13277310924369748 0.09090909090909091
0 0.5638655462184874 0.07125307125307125 0.12605042016806722 0.08845208845208845
0 0.4142857142857143 0.18673218673218672 0.14285714285714288 0.1081081081081081
0 0.4142857142857143 0.28378378378378377 0.12941176470588237 0.085995085995086
0 0.40924369747899164 0.3832923832923833 0.12605042016806722 0.08353808353808354
0 0.411764705882353 0.5012285012285013 0.13445378151260506 0.07862407862407862
0 0.4142857142857143 0.6081081081081081 0.12941176470588237 0.09582309582309582
0 0.41680672268907565 0.7186732186732187 0.13445378151260506 0.09090909090909091
0 0.411764705882353 0.8243243243243243 0.12100840336134455 0.08108108108108109
0 0.41680672268907565 0.9361179361179361 0.13781512605042018 0.08845208845208845
0 0.5663865546218487 0.18304668304668303 0.1277310924369748 0.085995085995086
0 0.5621848739495798 0.28869778869778867 0.13277310924369748 0.09582309582309582
0 0.5672268907563025 0.3955773955773956 0.12268907563025211 0.08353808353808354
0 0.5621848739495798 0.5061425061425061 0.13949579831932774 0.09336609336609336
0 0.5672268907563025 0.613022113022113 0.13949579831932774 0.085995085995086
0 0.5739495798319328 0.7162162162162162 0.10252100840336136 0.08108108108108109
0 0.5747899159663866 0.828009828009828 0.11764705882352942 0.08845208845208845
0 0.5689075630252102 0.941031941031941 0.12605042016806722 0.08845208845208845
0 0.7420168067226891 0.06265356265356266 0.12941176470588237 0.085995085995086
0 0.7445378151260504 0.16461916461916462 0.13445378151260506 0.09828009828009827
0 0.7436974789915967 0.2764127764127764 0.13949579831932774 0.08108108108108109
0 0.7411764705882353 0.3832923832923833 0.13445378151260506 0.09828009828009827
0 0.7411764705882353 0.4963144963144963 0.12436974789915967 0.08353808353808354
0 0.7420168067226891 0.5958230958230958 0.11596638655462185 0.09582309582309582
0 0.7521008403361344 0.71007371007371 0.13277310924369748 0.09336609336609336
0 0.746218487394958 0.8144963144963144 0.12436974789915967 0.09090909090909091
0 0.7512605042016807 0.9287469287469288 0.14453781512605043 0.08353808353808354
0 0.8865546218487396 0.060196560196560195 0.12268907563025211 0.08108108108108109
0 0.8915966386554622 0.16216216216216217 0.11932773109243698 0.08353808353808354
0 0.8890756302521009 0.2764127764127764 0.1277310924369748 0.085995085995086
0 0.8840336134453782 0.386977886977887 0.13109243697478992 0.09090909090909091
0 0.8915966386554622 0.49385749385749383 0.13613445378151262 0.08353808353808354
0 0.8840336134453782 0.6068796068796068 0.13781512605042018 0.09828009828009827
0 0.8915966386554622 0.7113022113022113 0.12941176470588237 0.09582309582309582
0 0.8941176470588236 0.8181818181818181 0.12100840336134455 0.08353808353808354
0 0.8915966386554622 0.9250614250614251 0.12605042016806722 0.10565110565110565
