0 0.13559322033898305 0.04819277108433735 0.15254237288135591 0.09036144578313253
0 0.3101694915254237 0.045180722891566265 0.14915254237288136 0.08433734939759037
0 0.29915254237288136 0.17620481927710843 0.14745762711864407 0.12951807228915663
0 0.13898305084745763 0.3057228915662651 0.15254237288135591 0.13554216867469882
0 0.2966101694915254 0.32228915662650603 0.14915254237288136 0.13253012048192772
0 0.1423728813559322 0.45030120481927716 0.1559322033898305 0.13554216867469882
0 0.3008474576271186 0.44728915662650603 0.14745762711864407 0.11746987951807229
0 0.14322033898305084 0.5903614457831325 0.1440677966101695 0.12650602409638556
0 0.31525423728813556 0.5993975903614458 0.18983050847457628 0.13855421686746988
0 0.13728813559322034 0.7349397590361446 0.14915254237288136 0.11445783132530121
0 0.3059322033898305 0.7409638554216867 0.16779661016949152 0.13253012048192772
0 0.14661016949152542 0.8915662650602411 0.13728813559322034 0.11445783132530121
0 0.31271186440677967 0.8975903614457832 0.14067796610169492 0.13253012048192772
0 0.6508474576271186 0.7530120481927711 0.1864406779661017 0.13253012048192772
0 0.8830508474576271 0.7364457831325302 0.19999999999999998 0.14759036144578314
0 0.8720338983050847 0.1746987951807229 0.16440677966101694 0.11445783132530121
0 0.85 0.04668674698795181 0.15084745762711865 0.08734939759036145
