0 0.6332159624413146 0.35625 0.15140845070422534 0.1875
0 0.36032863849765256 0.78125 0.09154929577464789 0.3
0 0.26467136150234744 0.7854166666666667 0.08568075117370892 0.31666666666666665
0 0.1813380281690141 0.7875 0.08802816901408451 0.2791666666666667
0 0.09154929577464789 0.7552083333333334 0.08685446009389672 0.29375
0 0.029342723004694836 0.7833333333333333 0.056338028169014086 0.3208333333333333
0 0.5469483568075117 0.7697916666666667 0.08685446009389672 0.3145833333333333
0 0.6414319248826291 0.7677083333333333 0.08333333333333333 0.30625
0 0.7453051643192489 0.7645833333333333 0.07981220657276995 0.2875
0 0.8491784037558686 0.771875 0.07863849765258216 0.27291666666666664
0 0.9694835680751174 0.7583333333333333 0.06103286384976526 0.2625
0 0.023474178403755867 0.12916666666666665 0.04460093896713615 0.25416666666666665
0 0.08274647887323944 0.12708333333333333 0.07394366197183098 0.25
0 0.1807511737089202 0.12708333333333333 0.08450704225352113 0.25
0 0.25938967136150237 0.11770833333333333 0.07746478873239437 0.23124999999999998
0 0.34917840375586856 0.13958333333333334 0.07863849765258216 0.275
0 0.44190140845070425 0.11354166666666667 0.09976525821596244 0.22291666666666665
0 0.5440140845070423 0.10833333333333334 0.07629107981220658 0.2125
0 0.6379107981220657 0.11041666666666666 0.08333333333333333 0.21666666666666667
0 0.7253521126760564 0.12604166666666666 0.07981220657276995 0.24791666666666667
0 0.8092723004694836 0.13020833333333334 0.08333333333333333 0.25625
0 0.8949530516431925 0.13125 0.08333333333333333 0.2583333333333333
0 0.9653755868544601 0.11666666666666667 0.06924882629107981 0.22916666666666666
