0 0.041796875000000004 0.24930555555555556 0.08203125 0.2791666666666667
0 0.122265625 0.2701388888888889 0.07734375 0.28750000000000003
0 0.19843750000000002 0.24930555555555556 0.06875 0.23750000000000002
0 0.282421875 0.26319444444444445 0.07734375 0.2569444444444445
0 0.4609375 0.24791666666666667 0.07500000000000001 0.26805555555555555
0 0.55078125 0.2555555555555556 0.0765625 0.28055555555555556
0 0.6410156250000001 0.28194444444444444 0.07734375 0.28055555555555556
0 0.7269531250000001 0.2715277777777778 0.07578125000000001 0.26805555555555555
0 0.8093750000000001 0.24930555555555556 0.07187500000000001 0.2513888888888889
0 0.892578125 0.23194444444444445 0.08359375000000001 0.2638888888888889
0 0.96875 0.23194444444444445 0.0625 0.28055555555555556
0 0.400390625 0.5229166666666667 0.13515625 0.24027777777777778
0 0.036328125 0.9006944444444445 0.07109375 0.19583333333333333
0 0.127734375 0.8840277777777779 0.07734375 0.23194444444444445
0 0.209375 0.9166666666666667 0.065625 0.16666666666666669
0 0.29453125 0.920138888888889 0.06406250000000001 0.15972222222222224
0 0.38789062500000004 0.89375 0.07421875 0.2125
0 0.4734375 0.9090277777777778 0.065625 0.18194444444444446
0 0.55859375 0.9027777777777778 0.0734375 0.19444444444444445
0 0.644140625 0.9041666666666667 0.08046875 0.19166666666666668
0 0.7273437500000001 0.8902777777777778 0.078125 0.21944444444444444
0 0.8148437500000001 0.8902777777777778 0.07968750000000001 0.21944444444444444
0 0.899609375 0.8979166666666667 0.07734375 0.20416666666666666
0 0.9773437500000001 0.8819444444444445 0.045312500000000006 0.23333333333333334
