0 0.11896243291592129 0.038293216630196934 0.13416815742397137 0.07221006564551422
0 0.11806797853309481 0.12144420131291028 0.12880143112701253 0.07221006564551422
0 0.12343470483005367 0.20678336980306344 0.1252236135957066 0.07658643326039387
0 0.12343470483005367 0.29431072210065645 0.1252236135957066 0.07221006564551422
0 0.129695885509839 0.3698030634573304 0.12343470483005367 0.07439824945295405
0 0.11985688729874776 0.47045951859956237 0.13953488372093023 0.0700218818380744
0 0.12254025044722719 0.562363238512035 0.1377459749552773 0.07439824945295405
0 0.12432915921288014 0.649890590809628 0.13416815742397137 0.06564551422319474
0 0.12432915921288014 0.7417943107221007 0.13416815742397137 0.07439824945295405
0 0.1261180679785331 0.824945295404814 0.148479427549195 0.0700218818380744
0 0.12164579606440072 0.9113785557986871 0.1252236135957066 0.07221006564551422
0 0.3363148479427549 0.04048140043763676 0.13595706618962433 0.07658643326039387
0 0.3372093023255814 0.12035010940919037 0.13416815742397137 0.087527352297593
0 0.33899821109123435 0.21334792122538293 0.1377459749552773 0.07658643326039387
0 0.34615384615384615 0.2986870897155361 0.11985688729874776 0.07658643326039387
0 0.33899821109123435 0.3785557986870897 0.12701252236135957 0.0700218818380744
0 0.334525939177102 0.4638949671772429 0.13953488372093023 0.0787746170678337
0 0.3354203935599284 0.5601750547045952 0.1377459749552773 0.07439824945295405
0 0.3363148479427549 0.6466083150984683 0.13595706618962433 0.07658643326039387
0 0.33094812164579607 0.7385120350109409 0.14669051878354203 0.08096280087527352
0 0.3291592128801431 0.8238512035010941 0.13595706618962433 0.07221006564551422
0 0.3372093023255814 0.9168490153172866 0.13059033989266547 0.07439824945295405
0 0.6762075134168157 0.0437636761487965 0.13237924865831843 0.07439824945295405
0 0.6779964221824687 0.1301969365426696 0.13595706618962433 0.06783369803063458
0 0.6663685152057245 0.22319474835886213 0.13416815742397137 0.06564551422319474
0 0.6788908765652951 0.30196936542669583 0.13059033989266547 0.0700218818380744
0 0.6708407871198568 0.39059080962800874 0.11806797853309481 0.06783369803063458
0 0.6708407871198568 0.474835886214442 0.14311270125223613 0.0787746170678337
0 0.6618962432915921 0.5612691466083151 0.12164579606440072 0.07221006564551422
0 0.6699463327370304 0.649890590809628 0.1449016100178891 0.07439824945295405
0 0.6744186046511628 0.7352297592997812 0.12880143112701253 0.07439824945295405
0 0.6699463327370304 0.8205689277899343 0.1377459749552773 0.07439824945295405
0 0.6708407871198568 0.912472647702407 0.13595706618962433 0.0787746170678337
0 0.8783542039355993 0.05579868708971553 0.1252236135957066 0.08096280087527352
0 0.8846153846153846 0.13894967177242887 0.13059033989266547 0.08096280087527352
0 0.8738819320214669 0.2188183807439825 0.13059033989266547 0.07439824945295405
0 0.8792486583184258 0.30306345733041573 0.12701252236135957 0.07658643326039387
0 0.8792486583184258 0.38949671772428884 0.12701252236135957 0.08315098468271334
0 0.8801431127012522 0.47811816192560175 0.14311270125223613 0.07658643326039387
0 0.8756708407871199 0.562363238512035 0.1413237924865832 0.07439824945295405
0 0.8783542039355993 0.649890590809628 0.14669051878354203 0.07439824945295405
0 0.868515205724508 0.737417943107221 0.1377459749552773 0.07439824945295405
0 0.8774597495527728 0.8183807439824945 0.12701252236135957 0.07439824945295405
0 0.872093023255814 0.8927789934354485 0.1413237924865832 0.07439824945295405
