0 0.09378663540445487 0.19387755102040816 0.08675263774912075 0.24675324675324675
0 0.18112543962485345 0.21521335807050093 0.07620164126611957 0.24118738404452691
0 0.2555685814771395 0.18923933209647495 0.0656506447831184 0.1966604823747681
0 0.339390386869871 0.19944341372912802 0.06916764361078546 0.20964749536178107
0 0.5152403282532239 0.19387755102040816 0.07151230949589683 0.22448979591836735
0 0.5398593200468933 0.5222634508348795 0.1465416178194607 0.19109461966604824
0 0.5996483001172332 0.2077922077922078 0.07854630715123094 0.24489795918367346
0 0.694021101992966 0.22448979591836735 0.07737397420867526 0.2523191094619666
0 0.7772567409144197 0.21521335807050093 0.07268464243845252 0.2300556586270872
0 0.861664712778429 0.19573283858998144 0.07502930832356389 0.21706864564007422
0 0.9449003516998827 0.18274582560296845 0.08206330597889801 0.22820037105751392
0 0.09788980070339975 0.8153988868274583 0.08089097303634231 0.2690166975881262
0 0.18640093786635403 0.7987012987012987 0.07971864009378662 0.28014842300556586
0 0.2637749120750293 0.8191094619666048 0.06799531066822977 0.23562152133580705
0 0.34876905041031653 0.8172541743970315 0.06916764361078546 0.22820037105751392
0 0.44490035169988273 0.7949907235621522 0.06682297772567408 0.2504638218923933
0 0.5240328253223915 0.8209647495361782 0.07033997655334115 0.24675324675324675
0 0.6131301289566237 0.8089053803339518 0.07033997655334115 0.24860853432282004
0 0.6975381008206331 0.8024118738404453 0.07033997655334115 0.23191094619666047
0 0.7784290738569754 0.7903525046382189 0.07502930832356389 0.25974025974025977
0 0.8634232121922626 0.7894248608534323 0.07151230949589683 0.2504638218923933
0 0.9536928487690504 0.7903525046382189 0.0738569753810082 0.22263450834879406
