0 0.12659574468085105 0.08908045977011494 0.1425531914893617 0.08620689655172414
0 0.11595744680851064 0.20114942528735633 0.16382978723404257 0.08620689655172414
0 0.12234042553191489 0.3117816091954023 0.13829787234042554 0.10057471264367816
0 0.14574468085106385 0.4166666666666667 0.14680851063829786 0.08045977011494253
0 0.16170212765957448 0.5201149425287356 0.14893617021276595 0.08045977011494253
0 0.13936170212765958 0.6350574712643678 0.1425531914893617 0.09195402298850575
0 0.14042553191489363 0.75 0.13617021276595745 0.08620689655172414
0 0.15 0.8735632183908046 0.16382978723404257 0.10344827586206896
0 0.28297872340425534 0.08620689655172414 0.13617021276595745 0.08620689655172414
0 0.28297872340425534 0.1997126436781609 0.15319148936170213 0.08908045977011494
0 0.27872340425531916 0.30603448275862066 0.14042553191489363 0.08908045977011494
0 0.3127659574468085 0.40948275862068967 0.12340425531914893 0.08333333333333333
0 0.31170212765957445 0.5186781609195402 0.13404255319148936 0.08908045977011494
0 0.2925531914893617 0.6379310344827586 0.12127659574468086 0.08045977011494253
0 0.2946808510638298 0.75 0.13404255319148936 0.09195402298850575
0 0.32127659574468087 0.8620689655172413 0.15319148936170213 0.09770114942528735
0 0.6319148936170212 0.09482758620689655 0.16170212765957448 0.09195402298850575
0 0.624468085106383 0.20402298850574713 0.15531914893617021 0.09195402298850575
0 0.6372340425531915 0.3132183908045977 0.1595744680851064 0.09770114942528735
0 0.6340425531914894 0.4382183908045977 0.1574468085106383 0.08908045977011494
0 0.6212765957446809 0.5316091954022989 0.14893617021276595 0.09770114942528735
0 0.6212765957446809 0.6451149425287356 0.16170212765957448 0.11206896551724138
0 0.6212765957446809 0.757183908045977 0.15319148936170213 0.09482758620689655
0 0.6340425531914894 0.8850574712643678 0.15319148936170213 0.09195402298850575
0 0.798936170212766 0.09626436781609195 0.14680851063829786 0.09482758620689655
0 0.7978723404255319 0.21264367816091953 0.12340425531914893 0.08620689655172414
0 0.8074468085106383 0.3132183908045977 0.13829787234042554 0.09195402298850575
0 0.8106382978723404 0.4295977011494253 0.15319148936170213 0.09482758620689655
0 0.8021276595744681 0.5387931034482758 0.15319148936170213 0.09482758620689655
0 0.8031914893617021 0.6479885057471264 0.12978723404255318 0.09482758620689655
0 0.8074468085106383 0.757183908045977 0.14680851063829786 0.08908045977011494
0 0.8106382978723404 0.8735632183908046 0.15319148936170213 0.08620689655172414
