0 0.3616412213740458 0.06348314606741573 0.2919847328244275 0.09101123595505618
0 0.7280534351145038 0.06966292134831462 0.28435114503816794 0.08988764044943821
0 0.37595419847328243 0.1898876404494382 0.3282442748091603 0.0853932584269663
0 0.7127862595419847 0.18595505617977529 0.28435114503816794 0.07752808988764046
0 0.35400763358778625 0.32696629213483147 0.30343511450381677 0.08988764044943821
0 0.6812977099236641 0.3382022471910113 0.30916030534351147 0.12134831460674159
0 0.3043893129770992 0.4730337078651686 0.299618320610687 0.08314606741573034
0 0.6574427480916031 0.46348314606741575 0.22709923664122136 0.07752808988764046
0 0.2862595419847328 0.6207865168539326 0.3015267175572519 0.08876404494382023
0 0.2767175572519084 0.754494382022472 0.282442748091603 0.08651685393258428
0 0.3062977099236641 0.8662921348314607 0.28053435114503816 0.09213483146067417
0 0.24713740458015265 0.953932584269663 0.2767175572519084 0.0853932584269663
0 0.6574427480916031 0.6117977528089888 0.2614503816793893 0.08426966292134833
0 0.6259541984732824 0.7691011235955056 0.25190839694656486 0.09325842696629215
0 0.6431297709923663 0.8876404494382023 0.3282442748091603 0.11011235955056181
