0 0.40458715596330275 0.13531187122736418 0.3211009174311927 0.0875251509054326
0 0.34403669724770647 0.27716297786720323 0.3321100917431193 0.07947686116700202
0 0.7954128440366973 0.1695171026156942 0.3211009174311927 0.09356136820925554
0 0.4064220183486239 0.3868209255533199 0.3504587155963303 0.07746478873239437
0 0.8036697247706422 0.40040241448692154 0.326605504587156 0.07847082494969819
0 0.3669724770642202 0.5085513078470826 0.27889908256880735 0.07142857142857144
0 0.3550458715596331 0.6227364185110664 0.27706422018348625 0.0744466800804829
0 0.3733944954128441 0.7494969818913482 0.3541284403669725 0.08450704225352114
0 0.3770642201834863 0.8672032193158954 0.3357798165137615 0.07847082494969819
0 0.7880733944954129 0.5226358148893361 0.28440366972477066 0.07947686116700202
0 0.7174311926605506 0.6428571428571429 0.3376146788990826 0.0824949698189135
0 0.7467889908256882 0.7520120724346077 0.28256880733944956 0.07344064386317908
0 0.7559633027522936 0.8933601609657948 0.28990825688073396 0.07645875251509054
0 0.3779816513761468 0.9627766599597586 0.29724770642201837 0.06639839034205232
