0 0.044098573281452655 0.4066985645933014 0.07782101167315175 0.24880382775119617
0 0.13359273670557717 0.3684210526315789 0.07522697795071336 0.2727272727272727
0 0.22178988326848248 0.36483253588516745 0.07522697795071336 0.2511961722488038
0 0.31971465629053175 0.37679425837320574 0.08171206225680934 0.2751196172248804
0 0.6245136186770428 0.16626794258373206 0.17250324254215305 0.16028708133971292
0 0.4066147859922179 0.3684210526315789 0.07392996108949416 0.28708133971291866
0 0.4915693904020752 0.38636363636363635 0.08300907911802853 0.27990430622009566
0 0.5817120622568093 0.39593301435406697 0.0946822308690013 0.26555023923444976
0 0.672503242542153 0.4031100478468899 0.0946822308690013 0.2894736842105263
0 0.7619974059662775 0.38995215311004783 0.08690012970168612 0.23923444976076555
0 0.85473411154345 0.41746411483253587 0.08819714656290531 0.27990430622009566
0 0.9507133592736705 0.4246411483253588 0.0907911802853437 0.2607655502392344
0 0.06355382619974059 0.6854066985645932 0.08560311284046693 0.2511961722488038
0 0.16861219195849544 0.6830143540669856 0.10116731517509728 0.30861244019138756
0 0.2490272373540856 0.6399521531100478 0.0907911802853437 0.2751196172248804
0 0.3391699092088197 0.6746411483253588 0.0946822308690013 0.27751196172248804
0 0.427367055771725 0.6483253588516746 0.07652399481193255 0.24401913875598086
0 0.522697795071336 0.6889952153110047 0.0933852140077821 0.29186602870813394
0 0.6173800259403373 0.7045454545454545 0.08300907911802853 0.2894736842105263
0 0.7068741893644617 0.687799043062201 0.08819714656290531 0.2464114832535885
0 0.795071335927367 0.6961722488038278 0.08819714656290531 0.2535885167464115
0 0.8832684824902723 0.7069377990430622 0.08560311284046693 0.25598086124401914
