0 0.05379746835443038 0.3048048048048048 0.10126582278481013 0.3933933933933934
0 0.16772151898734178 0.3108108108108108 0.10443037974683544 0.3813813813813814
0 0.28718354430379744 0.3303303303303303 0.09968354430379747 0.3483483483483483
0 0.3884493670886076 0.3078078078078078 0.09968354430379747 0.36936936936936937
0 0.5213607594936709 0.2747747747747748 0.11234177215189874 0.4114114114114114
0 0.6360759493670886 0.30930930930930933 0.11392405063291139 0.3843843843843844
0 0.7587025316455696 0.33183183183183185 0.11234177215189874 0.35135135135135137
0 0.8805379746835443 0.2927927927927928 0.11550632911392406 0.36336336336336333
0 0.07911392405063292 0.7192192192192192 0.10126582278481013 0.35735735735735735
0 0.19224683544303797 0.7522522522522522 0.09968354430379747 0.3993993993993994
0 0.31329113924050633 0.7132132132132132 0.11708860759493671 0.4174174174174174
0 0.4264240506329114 0.6981981981981982 0.11867088607594936 0.36936936936936937
0 0.5458860759493671 0.7192192192192192 0.11392405063291139 0.3813813813813814
0 0.6661392405063291 0.7042042042042042 0.11075949367088607 0.35135135135135137
0 0.7927215189873418 0.7237237237237237 0.12974683544303797 0.4084084084084084
0 0.9129746835443038 0.7357357357357357 0.13291139240506328 0.43243243243243246
