0 0.08464849354375897 0.3114754098360656 0.08895265423242468 0.3442622950819672
0 0.18723098995695842 0.29918032786885246 0.09899569583931134 0.31420765027322406
0 0.30989956958393117 0.33469945355191255 0.08895265423242468 0.3469945355191257
0 0.4282639885222382 0.3702185792349727 0.08751793400286945 0.3360655737704918
0 0.5322812051649929 0.3702185792349727 0.08608321377331421 0.3633879781420765
0 0.639167862266858 0.36065573770491804 0.0817790530846485 0.3005464480874317
0 0.7367288378766141 0.33469945355191255 0.09038737446197992 0.3524590163934426
0 0.8493543758967002 0.3333333333333333 0.08895265423242468 0.366120218579235
0 0.9454806312769011 0.3592896174863388 0.08608321377331421 0.27595628415300544
0 0.08895265423242468 0.657103825136612 0.09182209469153516 0.3251366120218579
0 0.1987087517934003 0.6789617486338798 0.09325681492109039 0.3743169398907104
0 0.3134863701578192 0.7076502732240437 0.08464849354375897 0.32786885245901637
0 0.4289813486370158 0.7213114754098361 0.08895265423242468 0.31693989071038253
0 0.5351506456241033 0.7076502732240437 0.08608321377331421 0.29508196721311475
0 0.6398852223816356 0.6830601092896175 0.09469153515064563 0.34972677595628415
0 0.748206599713056 0.6666666666666666 0.09612625538020086 0.3333333333333333
0 0.8558106169296987 0.6775956284153005 0.0817790530846485 0.2896174863387978
0 0.9526542324246773 0.7090163934426229 0.07747489239598279 0.33060109289617484
