0 0.15897435897435896 0.29115384615384615 0.043076923076923075 0.12076923076923077
0 0.3333333333333333 0.14576923076923076 0.08 0.054615384615384614
0 0.4115384615384615 0.14346153846153847 0.08153846153846153 0.054615384615384614
0 0.6310256410256411 0.14461538461538462 0.08666666666666667 0.06307692307692307
0 0.3423076923076923 0.27884615384615385 0.03948717948717949 0.12538461538461537
0 0.38794871794871794 0.2680769230769231 0.03743589743589744 0.12692307692307692
0 0.43153846153846154 0.28 0.03641025641025641 0.11846153846153847
0 0.6102564102564103 0.28115384615384614 0.038974358974358976 0.1176923076923077
0 0.6584615384615384 0.2846153846153846 0.035897435897435895 0.10615384615384615
0 0.7528205128205128 0.28384615384615386 0.052307692307692305 0.13384615384615384
0 0.8464102564102564 0.29615384615384616 0.045641025641025644 0.1276923076923077
0 0.9323076923076923 0.29115384615384615 0.04717948717948718 0.12076923076923077
0 0.3123076923076923 0.5823076923076923 0.041025641025641026 0.13538461538461538
0 0.36538461538461536 0.5930769230769231 0.047692307692307694 0.12307692307692308
0 0.20666666666666667 0.7292307692307692 0.0441025641025641 0.12307692307692308
0 0.25769230769230766 0.7323076923076923 0.03743589743589744 0.13846153846153847
0 0.35743589743589743 0.76 0.04512820512820513 0.14461538461538462
0 0.514102564102564 0.5807692307692308 0.04461538461538461 0.12461538461538461
0 0.6092307692307692 0.5957692307692307 0.043076923076923075 0.12076923076923077
0 0.6135897435897436 0.7373076923076923 0.04871794871794872 0.1346153846153846
0 0.7610256410256411 0.7411538461538462 0.04717948717948718 0.13
0 0.8587179487179487 0.5953846153846154 0.04256410256410256 0.13692307692307693
0 0.8630769230769231 0.7446153846153846 0.05435897435897436 0.13692307692307693
0 0.9541025641025641 0.5942307692307692 0.05282051282051282 0.13
