0 0.08828671328671328 0.35350318471337583 0.11013986013986014 0.4012738853503185
0 0.23076923076923078 0.3152866242038217 0.11538461538461539 0.40764331210191085
0 0.3811188811188811 0.3264331210191083 0.10839160839160839 0.39171974522292996
0 0.5244755244755245 0.3264331210191083 0.1048951048951049 0.3598726114649682
0 0.659965034965035 0.32324840764331214 0.11713286713286714 0.44904458598726116
0 0.7998251748251748 0.33917197452229303 0.09265734265734266 0.3280254777070064
0 0.9335664335664335 0.3264331210191083 0.10839160839160839 0.3980891719745223
0 0.07867132867132867 0.8136942675159236 0.11538461538461539 0.3598726114649682
0 0.2395104895104895 0.7961783439490446 0.11188811188811189 0.4012738853503185
0 0.3811188811188811 0.7786624203821656 0.10839160839160839 0.410828025477707
0 0.5183566433566433 0.7643312101910829 0.11013986013986014 0.40764331210191085
0 0.6634615384615384 0.7929936305732485 0.10314685314685315 0.4140127388535032
0 0.8041958041958042 0.7292993630573249 0.11188811188811189 0.4140127388535032
0 0.9440559440559441 0.713375796178344 0.10139860139860139 0.356687898089172
