0 0.6000889679715302 0.03950617283950617 0.0791814946619217 0.037037037037037035
0 0.3674377224199288 0.14969135802469136 0.037366548042704624 0.06111111111111111
0 0.4194839857651245 0.15185185185185185 0.040035587188612096 0.0654320987654321
0 0.4626334519572953 0.15061728395061727 0.03914590747330961 0.06296296296296296
0 0.6641459074733096 0.1410493827160494 0.0791814946619217 0.05246913580246913
0 0.7237544483985765 0.23580246913580247 0.08274021352313167 0.04197530864197531
0 0.7459964412811387 0.2641975308641975 0.09697508896797152 0.04197530864197531
0 0.7588967971530248 0.30092592592592593 0.07651245551601422 0.04382716049382716
0 0.7784697508896796 0.3277777777777778 0.07651245551601422 0.04074074074074074
0 0.1543594306049822 0.3330246913580247 0.05071174377224199 0.06358024691358025
0 0.2473309608540925 0.32993827160493827 0.04448398576512455 0.059876543209876544
0 0.4363879003558719 0.3237654320987654 0.045373665480427046 0.05864197530864197
0 0.48443060498220636 0.3287037037037037 0.040035587188612096 0.056172839506172835
0 0.27446619217081847 0.45123456790123456 0.045373665480427046 0.056790123456790124
0 0.21574733096085408 0.5225308641975308 0.04359430604982206 0.05864197530864197
0 0.26245551601423484 0.5160493827160494 0.042704626334519574 0.06049382716049383
0 0.30649466192170816 0.520679012345679 0.048932384341637006 0.059876543209876544
0 0.41903914590747326 0.4425925925925926 0.04448398576512455 0.06172839506172839
0 0.46441281138790036 0.44382716049382714 0.042704626334519574 0.06049382716049383
0 0.6116548042704626 0.44320987654320987 0.036476868327402136 0.053086419753086415
0 0.5582740213523132 0.5138888888888888 0.04181494661921708 0.05493827160493827
0 0.29937722419928825 0.6361111111111111 0.06316725978647686 0.056172839506172835
0 0.48843416370106757 0.6364197530864197 0.03558718861209964 0.05555555555555555
0 0.4266014234875445 0.6981481481481482 0.040035587188612096 0.06049382716049383
0 0.471085409252669 0.6972222222222222 0.036476868327402136 0.06111111111111111
0 0.7860320284697508 0.6265432098765432 0.04181494661921708 0.05925925925925926
0 0.6192170818505338 0.6996913580246913 0.04092526690391459 0.06111111111111111
0 0.6650355871886121 0.6987654320987654 0.03825622775800711 0.04938271604938271
0 0.7588967971530248 0.6929012345679012 0.04092526690391459 0.05864197530864197
0 0.27580071174377224 0.8342592592592593 0.04448398576512455 0.06111111111111111
0 0.33185053380782914 0.8320987654320987 0.04092526690391459 0.06790123456790123
0 0.4230427046263345 0.8302469135802469 0.04715302491103203 0.06790123456790123
0 0.6161032028469751 0.8231481481481482 0.04359430604982206 0.059876543209876544
0 0.7135231316725978 0.820679012345679 0.03914590747330961 0.05740740740740741
0 0.7637900355871886 0.8225308641975309 0.04359430604982206 0.05864197530864197
0 0.9056939501779359 0.812962962962963 0.04804270462633452 0.05925925925925926
