0 0.2766393442622951 0.13169642857142858 0.27459016393442626 0.07142857142857142
0 0.30942622950819676 0.22767857142857142 0.3237704918032787 0.08035714285714285
0 0.2766393442622951 0.3169642857142857 0.2827868852459017 0.07142857142857142
0 0.2848360655737705 0.4107142857142857 0.29098360655737704 0.07589285714285714
0 0.2602459016393443 0.4921875 0.29098360655737704 0.06919642857142856
0 0.32581967213114754 0.5770089285714285 0.29098360655737704 0.07366071428571429
0 0.29918032786885246 0.6595982142857143 0.27868852459016397 0.06473214285714285
0 0.2725409836065574 0.75 0.3155737704918033 0.07589285714285714
0 0.32172131147540983 0.8258928571428571 0.27459016393442626 0.07142857142857142
0 0.3237704918032787 0.9207589285714285 0.30327868852459017 0.08258928571428571
0 0.6168032786885246 0.14285714285714285 0.29098360655737704 0.08035714285714285
0 0.6106557377049181 0.3169642857142857 0.29508196721311475 0.07589285714285714
0 0.6229508196721312 0.47544642857142855 0.30327868852459017 0.07589285714285714
0 0.6290983606557378 0.5680803571428571 0.26639344262295084 0.07366071428571429
0 0.639344262295082 0.6506696428571428 0.2868852459016394 0.078125
0 0.6721311475409837 0.8147321428571428 0.27868852459016397 0.08035714285714285
0 0.6823770491803279 0.9129464285714285 0.2581967213114754 0.07589285714285714
