0 0.0931842385516507 0.23599240265906934 0.10756123535676253 0.2003798670465337
0 0.06070287539936103 0.4962013295346629 0.1086261980830671 0.19848053181386516
0 0.22630457933972314 0.15147198480531815 0.11182108626198084 0.20987654320987656
0 0.18743343982960597 0.3632478632478633 0.11075612353567627 0.1965811965811966
0 0.3567625133120341 0.15906932573599242 0.11075612353567627 0.2022792022792023
0 0.3397231096911608 0.3779677113010447 0.09797657082002131 0.19753086419753088
0 0.2891373801916933 0.6125356125356126 0.10543130990415336 0.19373219373219375
0 0.26198083067092653 0.852326685660019 0.09797657082002131 0.1965811965811966
0 0.3887113951011715 0.8561253561253561 0.10010649627263046 0.1965811965811966
0 0.49946751863684774 0.6286799620132953 0.09584664536741215 0.1899335232668566
0 0.49520766773162944 0.16761633428300096 0.09797657082002131 0.20607787274453943
0 0.4701810436634718 0.3779677113010447 0.09478168264110758 0.20322886989553657
0 0.5143769968051118 0.862298195631529 0.10223642172523963 0.1956315289648623
0 0.6357827476038339 0.15004748338081672 0.09797657082002131 0.2070275403608737
0 0.623003194888179 0.4031339031339031 0.09797657082002131 0.2022792022792023
0 0.6208732694355699 0.6201329534662868 0.10010649627263046 0.20512820512820515
0 0.7667731629392972 0.11538461538461539 0.11714589989350374 0.20417853751187084
0 0.8556975505857296 0.2929724596391263 0.10969116080937168 0.20797720797720798
0 0.7502662406815762 0.6215574548907883 0.11608093716719915 0.2022792022792023
0 0.9036208732694356 0.5854700854700855 0.10969116080937168 0.2003798670465337
0 0.8998935037273696 0.8603988603988605 0.1086261980830671 0.19943019943019943
