0 0.2752016129032258 0.3544973544973545 0.11491935483870967 0.3333333333333333
0 0.40625 0.30687830687830686 0.09879032258064516 0.30687830687830686
0 0.5453629032258064 0.3849206349206349 0.10685483870967742 0.3412698412698413
0 0.6713709677419355 0.3664021164021164 0.10887096774193548 0.3201058201058201
0 0.7883064516129032 0.3571428571428571 0.12096774193548387 0.31216931216931215
0 0.9143145161290323 0.34523809523809523 0.1189516129032258 0.32539682539682535
0 0.2691532258064516 0.7685185185185185 0.1189516129032258 0.33597883597883593
0 0.40826612903225806 0.75 0.11088709677419355 0.3201058201058201
0 0.5393145161290323 0.7711640211640212 0.11491935483870967 0.30952380952380953
0 0.6643145161290323 0.7724867724867724 0.10685483870967742 0.31216931216931215
0 0.7953629032258064 0.742063492063492 0.10685483870967742 0.31481481481481477
0 0.9203629032258064 0.7341269841269841 0.11491935483870967 0.3306878306878307
