0 0.17117117117117117 0.33045977011494254 0.13513513513513514 0.3218390804597701
0 0.16554054054054054 0.7198275862068966 0.1554054054054054 0.3764367816091954
0 0.31756756756756754 0.27011494252873564 0.15315315315315314 0.3735632183908046
0 0.30855855855855857 0.7025862068965517 0.14864864864864866 0.3706896551724138
0 0.46959459459459457 0.27155172413793105 0.14189189189189189 0.3706896551724138
0 0.46283783783783783 0.7054597701149425 0.13288288288288289 0.34195402298850575
0 0.6193693693693694 0.2629310344827586 0.13513513513513514 0.36494252873563215
0 0.7601351351351351 0.285919540229885 0.13288288288288289 0.34770114942528735
0 0.6103603603603603 0.7169540229885057 0.13513513513513514 0.33620689655172414
0 0.902027027027027 0.30603448275862066 0.13288288288288289 0.35919540229885055
0 0.7545045045045045 0.7040229885057471 0.13063063063063063 0.3448275862068966
0 0.9087837837837838 0.7198275862068966 0.14189189189189189 0.34770114942528735
