0 0.281496062992126 0.08384146341463415 0.2637795275590551 0.09451219512195122
0 0.2874015748031496 0.20884146341463417 0.26771653543307083 0.10670731707317073
0 0.26771653543307083 0.32164634146341464 0.26771653543307083 0.09451219512195122
0 0.32874015748031493 0.4329268292682927 0.27165354330708663 0.0975609756097561
0 0.29724409448818895 0.5487804878048781 0.2637795275590551 0.09146341463414634
0 0.2755905511811024 0.6737804878048781 0.30708661417322836 0.10365853658536586
0 0.3188976377952756 0.7820121951219512 0.26771653543307083 0.10060975609756098
0 0.3169291338582677 0.9024390243902439 0.2952755905511811 0.11585365853658537
0 0.6082677165354331 0.08536585365853659 0.2874015748031496 0.10365853658536586
0 0.6082677165354331 0.29878048780487804 0.2952755905511811 0.11585365853658537
0 0.6181102362204725 0.42225609756097565 0.25196850393700787 0.10060975609756098
0 0.6299212598425197 0.5442073170731707 0.25984251968503935 0.10670731707317073
0 0.655511811023622 0.7591463414634146 0.2637795275590551 0.10365853658536586
0 0.6712598425196851 0.8963414634146342 0.24803149606299213 0.10365853658536586
