0 0.3113879003558719 0.10526315789473684 0.2669039145907473 0.09022556390977443
0 0.3167259786476868 0.20551378446115287 0.2775800711743772 0.08521303258145363
0 0.30782918149466193 0.3132832080200501 0.2882562277580071 0.08521303258145363
0 0.3362989323843416 0.42105263157894735 0.28113879003558717 0.08521303258145363
0 0.3185053380782918 0.5238095238095237 0.2882562277580071 0.08020050125313283
0 0.3113879003558719 0.644110275689223 0.3167259786476868 0.10526315789473684
0 0.3060498220640569 0.8233082706766917 0.2918149466192171 0.10275689223057644
0 0.3362989323843416 0.9348370927318295 0.27402135231316727 0.09523809523809523
0 0.6387900355871886 0.10025062656641603 0.27402135231316727 0.09022556390977443
0 0.6494661921708185 0.20050125313283207 0.2882562277580071 0.09523809523809523
0 0.6654804270462633 0.30952380952380953 0.2775800711743772 0.09273182957393483
0 0.6548042704626335 0.41102756892230574 0.298932384341637 0.09523809523809523
0 0.6654804270462633 0.5075187969924811 0.25622775800711745 0.09273182957393483
0 0.6387900355871886 0.6165413533834586 0.2669039145907473 0.09523809523809523
0 0.6405693950177935 0.7180451127819548 0.26334519572953735 0.08771929824561403
0 0.6334519572953736 0.81328320802005 0.2775800711743772 0.09774436090225563
0 0.6441281138790035 0.9047619047619047 0.2918149466192171 0.09523809523809523
