0 0.34202453987730064 0.10823170731707317 0.23006134969325154 0.11280487804878049
0 0.32975460122699385 0.23475609756097562 0.29141104294478526 0.12804878048780488
0 0.36349693251533743 0.3719512195121951 0.25460122699386506 0.11585365853658537
0 0.3404907975460123 0.5182926829268293 0.25153374233128833 0.11585365853658537
0 0.3558282208588957 0.6356707317073171 0.2392638036809816 0.09451219512195122
0 0.32515337423312884 0.7789634146341464 0.2822085889570552 0.11890243902439025
0 0.31441717791411045 0.9161585365853658 0.2607361963190184 0.10060975609756098
0 0.6319018404907976 0.11585365853658537 0.25153374233128833 0.11585365853658537
0 0.6303680981595092 0.24695121951219512 0.23006134969325154 0.10365853658536586
0 0.6549079754601227 0.38414634146341464 0.2730061349693252 0.12195121951219512
0 0.6595092024539877 0.5091463414634146 0.24539877300613497 0.10975609756097561
0 0.6457055214723927 0.6463414634146342 0.25460122699386506 0.11585365853658537
0 0.6395705521472392 0.7804878048780488 0.24846625766871167 0.12195121951219512
0 0.6242331288343559 0.9070121951219513 0.22392638036809817 0.10670731707317073
