0 0.3684640522875817 0.15946632782719186 0.25326797385620914 0.09021601016518425
0 0.352124183006536 0.2738246505717916 0.2728758169934641 0.09529860228716645
0 0.3562091503267974 0.39644218551461247 0.32026143790849676 0.10165184243964423
0 0.3464052287581699 0.6639135959339263 0.29411764705882354 0.10038119440914867
0 0.3480392156862745 0.9072426937738247 0.30718954248366015 0.11181702668360864
0 0.7107843137254902 0.9218551461245236 0.3137254901960784 0.12579415501905972
0 0.7107843137254902 0.7833545108005083 0.28431372549019607 0.10292249047013978
0 0.6952614379084967 0.5235069885641678 0.28594771241830064 0.10165184243964423
0 0.6895424836601307 0.39707750952986026 0.2777777777777778 0.09021601016518425
0 0.7156862745098039 0.26429479034307496 0.28104575163398693 0.10673443456162643
