0 0.03707865168539326 0.2770758122743682 0.07265917602996255 0.3194945848375451
0 0.11610486891385768 0.30595667870036103 0.0704119850187266 0.3231046931407942
0 0.21198501872659176 0.2797833935018051 0.06741573033707865 0.25631768953068595
0 0.29363295880149815 0.27256317689530685 0.08089887640449439 0.3212996389891697
0 0.4 0.30866425992779783 0.07940074906367041 0.37545126353790614
0 0.4842696629213483 0.26353790613718414 0.07565543071161049 0.3249097472924188
0 0.5685393258426966 0.24909747292418774 0.07790262172284644 0.3285198555956679
0 0.652059925093633 0.2572202166064982 0.07565543071161049 0.3231046931407942
0 0.7393258426966293 0.26624548736462095 0.07640449438202247 0.33393501805054154
0 0.8243445692883895 0.2815884476534296 0.07715355805243446 0.3285198555956679
0 0.9220973782771535 0.29693140794223827 0.08689138576779026 0.32671480144404336
0 0.02696629213483146 0.6859205776173285 0.052434456928838954 0.2815884476534296
0 0.10936329588014981 0.6850180505415163 0.07191011235955057 0.3447653429602888
0 0.20187265917602998 0.6471119133574007 0.07715355805243446 0.3592057761732852
0 0.28838951310861427 0.6389891696750902 0.08389513108614233 0.40072202166064985
0 0.37265917602996257 0.7048736462093863 0.07265917602996255 0.3483754512635379
0 0.4573033707865169 0.6723826714801444 0.07415730337078652 0.33754512635379064
0 0.5430711610486891 0.6552346570397112 0.0704119850187266 0.3285198555956679
0 0.6288389513108614 0.6570397111913358 0.07415730337078652 0.3537906137184116
0 0.7295880149812735 0.6597472924187726 0.08089887640449439 0.3555956678700361
0 0.8048689138576779 0.6462093862815884 0.06966292134831462 0.2815884476534296
0 0.8734082397003745 0.6570397111913358 0.06292134831460675 0.2888086642599278
0 0.955430711610487 0.6245487364620939 0.07265917602996255 0.2888086642599278
