0 0.09971509971509972 0.32167832167832167 0.1452991452991453 0.34265734265734266
0 0.27350427350427353 0.32342657342657344 0.15384615384615385 0.32517482517482516
0 0.4401709401709402 0.3312937062937063 0.14814814814814817 0.3583916083916084
0 0.5975783475783476 0.3243006993006993 0.15527065527065528 0.3374125874125874
0 0.75997150997151 0.3321678321678322 0.14387464387464388 0.32867132867132864
0 0.9237891737891738 0.30244755244755245 0.12962962962962962 0.3356643356643357
0 0.08974358974358974 0.7159090909090909 0.14814814814814817 0.3548951048951049
0 0.2535612535612536 0.6905594405594405 0.14814814814814817 0.3916083916083916
0 0.4337606837606838 0.7325174825174825 0.14957264957264957 0.32517482517482516
0 0.5933048433048433 0.701048951048951 0.15242165242165243 0.33916083916083917
0 0.7528490028490029 0.6861888111888111 0.14387464387464388 0.3374125874125874
0 0.9180911680911681 0.6643356643356644 0.14672364672364674 0.3531468531468531
