0 0.09313077939233817 0.3728668941979522 0.12813738441215325 0.3225255972696246
0 0.24108322324966974 0.3643344709897611 0.14134742404227213 0.3293515358361775
0 0.3890356671070013 0.36006825938566556 0.1202113606340819 0.3174061433447099
0 0.547556142668428 0.3660409556313993 0.1334214002642008 0.3054607508532423
0 0.7047556142668429 0.363481228668942 0.13870541611624834 0.3242320819112628
0 0.8672391017173051 0.3583617747440273 0.13870541611624834 0.3174061433447099
0 0.09445178335535007 0.7295221843003413 0.14134742404227213 0.3225255972696246
0 0.24174372523117568 0.7150170648464164 0.13474240422721268 0.3412969283276451
0 0.39828269484808454 0.7141638225255973 0.13870541611624834 0.32593856655290104
0 0.5383091149273448 0.697098976109215 0.14398943196829592 0.31569965870307165
0 0.7047556142668429 0.7261092150170648 0.1334214002642008 0.3225255972696246
0 0.8652575957727874 0.7406143344709898 0.13474240422721268 0.3412969283276451
