0 0.19432624113475178 0.2887453874538745 0.14751773049645392 0.34870848708487084
0 0.10496453900709221 0.6808118081180812 0.15886524822695036 0.4095940959409594
0 0.35319148936170214 0.25461254612546125 0.14751773049645392 0.3284132841328413
0 0.5184397163120568 0.25830258302583026 0.14042553191489363 0.34317343173431736
0 0.36028368794326243 0.6097785977859779 0.15319148936170213 0.38191881918819187
0 0.521985815602837 0.6300738007380073 0.15602836879432624 0.3929889298892989
0 0.7780141843971632 0.24723247232472323 0.14326241134751774 0.28413284132841327
0 0.9191489361702129 0.24723247232472323 0.13049645390070924 0.2915129151291513
0 0.7021276595744681 0.5959409594095941 0.13900709219858157 0.4132841328413284
0 0.8879432624113476 0.6328413284132841 0.1446808510638298 0.4317343173431734
