0 0.09718670076726343 0.2790909090909091 0.11253196930946292 0.3
0 0.2269820971867008 0.2872727272727273 0.11636828644501279 0.2909090909090909
0 0.3612531969309463 0.28545454545454546 0.1317135549872123 0.3236363636363636
0 0.4948849104859335 0.2636363636363636 0.1329923273657289 0.3236363636363636
0 0.6464194373401535 0.26272727272727275 0.11892583120204604 0.32181818181818184
0 0.7941176470588236 0.3009090909090909 0.13043478260869568 0.4090909090909091
0 0.10485933503836319 0.6845454545454546 0.1329923273657289 0.3981818181818182
0 0.25063938618925835 0.6945454545454546 0.1381074168797954 0.4036363636363636
0 0.40473145780051156 0.6963636363636364 0.1368286445012788 0.3890909090909091
0 0.5498721227621484 0.6672727272727272 0.13554987212276215 0.39636363636363636
0 0.690537084398977 0.6781818181818182 0.1278772378516624 0.4
0 0.8452685421994885 0.7018181818181818 0.14066496163682865 0.4218181818181818
