0 0.08737373737373737 0.306553911205074 0.08585858585858586 0.34249471458773784
0 0.19494949494949496 0.33403805496828753 0.10101010101010101 0.3298097251585624
0 0.3085858585858586 0.3276955602536998 0.09595959595959595 0.33403805496828753
0 0.42272727272727273 0.3181818181818182 0.0898989898989899 0.32346723044397463
0 0.5272727272727272 0.32346723044397463 0.08888888888888889 0.33403805496828753
0 0.6303030303030303 0.3509513742071882 0.10505050505050505 0.4186046511627907
0 0.7414141414141414 0.3086680761099366 0.09898989898989899 0.3213530655391121
0 0.843939393939394 0.3044397463002114 0.09595959595959595 0.33403805496828753
0 0.952020202020202 0.2928118393234672 0.09595959595959595 0.32346723044397463
0 0.4207070707070707 0.7864693446088795 0.1101010101010101 0.41437632135306557
0 0.5343434343434343 0.7716701902748415 0.11717171717171718 0.4186046511627907
0 0.7424242424242424 0.7209302325581396 0.09696969696969697 0.4439746300211417
