0 0.07872596153846154 0.24455445544554455 0.11418269230769232 0.3425742574257426
0 0.06610576923076923 0.6128712871287129 0.1201923076923077 0.3940594059405941
0 0.19951923076923078 0.2603960396039604 0.11298076923076923 0.3425742574257426
0 0.32572115384615385 0.26534653465346536 0.13221153846153846 0.3326732673267327
0 0.3125 0.6277227722772277 0.13221153846153846 0.3722772277227723
0 0.4453125 0.2633663366336634 0.12620192307692307 0.35247524752475246
0 0.5817307692307693 0.3435643564356436 0.14182692307692307 0.36237623762376237
0 0.561298076923077 0.7079207920792079 0.14903846153846154 0.3900990099009901
0 0.6887019230769231 0.7089108910891089 0.12259615384615385 0.403960396039604
0 0.7283653846153847 0.3306930693069307 0.13461538461538464 0.3683168316831683
0 0.8551682692307693 0.33564356435643566 0.12620192307692307 0.33861386138613864
0 0.9344951923076924 0.7346534653465346 0.1310096153846154 0.38415841584158417
