0 0.18778801843317972 0.37086614173228344 0.1313364055299539 0.30078740157480316
0 0.3283410138248848 0.3889763779527559 0.15207373271889402 0.3716535433070866
0 0.18778801843317972 0.7921259842519685 0.11981566820276497 0.33385826771653543
0 0.31394009216589863 0.7716535433070866 0.12788018433179724 0.30866141732283464
0 0.42857142857142855 0.7716535433070866 0.11290322580645161 0.32440944881889766
0 0.636520737327189 0.36456692913385824 0.12096774193548387 0.29763779527559053
0 0.5495391705069125 0.75748031496063 0.10829493087557604 0.31181102362204727
0 0.6745391705069125 0.7559055118110236 0.10944700460829493 0.28976377952755905
0 0.782258064516129 0.3598425196850394 0.11981566820276497 0.30078740157480316
0 0.9112903225806451 0.34566929133858265 0.1152073732718894 0.29763779527559053
0 0.9314516129032258 0.7637795275590551 0.13709677419354838 0.2992125984251969
