0 0.1311111111111111 0.35991058122205666 0.15259259259259259 0.2518628912071535
0 0.3251851851851852 0.36736214605067063 0.19703703703703704 0.338301043219076
0 0.6237037037037036 0.4150521609538003 0.16592592592592592 0.2488822652757079
0 0.7733333333333333 0.40536512667660207 0.1688888888888889 0.2503725782414307
0 0.9199999999999999 0.3956780923994039 0.16 0.2488822652757079
0 0.17925925925925926 0.6915052160953801 0.16592592592592592 0.30104321907600595
0 0.35777777777777775 0.6915052160953801 0.17925925925925926 0.32786885245901637
0 0.5311111111111111 0.698956780923994 0.1674074074074074 0.33979135618479883
0 0.7303703703703703 0.7175856929955291 0.17185185185185184 0.3353204172876304
0 0.8918518518518518 0.7123695976154992 0.17777777777777776 0.29508196721311475
