0 0.14432989690721648 0.3609715242881072 0.13402061855670103 0.34003350083752093
0 0.27899484536082475 0.35343383584589616 0.15850515463917525 0.34840871021775544
0 0.4252577319587629 0.36515912897822445 0.15463917525773196 0.36515912897822445
0 0.23775773195876287 0.7278056951423786 0.15077319587628865 0.3601340033500838
0 0.45554123711340205 0.7772194304857621 0.13530927835051546 0.33835845896147404
0 0.5985824742268041 0.7680067001675042 0.13530927835051546 0.2830820770519263
0 0.5779639175257731 0.37353433835845895 0.1404639175257732 0.33835845896147404
0 0.7152061855670103 0.37353433835845895 0.14432989690721648 0.3417085427135678
0 0.8530927835051546 0.3542713567839196 0.15463917525773196 0.34003350083752093
0 0.75 0.7738693467336684 0.15463917525773196 0.3852596314907873
0 0.8949742268041236 0.7696817420435511 0.1481958762886598 0.3601340033500838
